# timestamp: 1762899119.6382737
 1.806304e+00   0.000000e+00   0.000000e+00   9.191600e-01   0.000000e+00   0.000000e+00   0.000000e+00   0.000000e+00   0.000000e+00
 0.000000e+00   1.806304e+00   0.000000e+00   0.000000e+00   9.191600e-01   0.000000e+00   0.000000e+00   0.000000e+00   0.000000e+00
 0.000000e+00   0.000000e+00   1.806304e+00   0.000000e+00   0.000000e+00   9.191600e-01   0.000000e+00   0.000000e+00   0.000000e+00
 9.191600e-01   0.000000e+00   0.000000e+00   1.088000e+00   0.000000e+00   0.000000e+00   0.000000e+00   0.000000e+00   0.000000e+00
 0.000000e+00   9.191600e-01   0.000000e+00   0.000000e+00   1.088000e+00   0.000000e+00   0.000000e+00   0.000000e+00   0.000000e+00
 0.000000e+00   0.000000e+00   9.191600e-01   0.000000e+00   0.000000e+00   1.088000e+00   0.000000e+00   0.000000e+00   0.000000e+00
 0.000000e+00   0.000000e+00   0.000000e+00   0.000000e+00   0.000000e+00   0.000000e+00   1.088000e+00   0.000000e+00   0.000000e+00
 0.000000e+00   0.000000e+00   0.000000e+00   0.000000e+00   0.000000e+00   0.000000e+00   0.000000e+00   1.088000e+00   0.000000e+00
 0.000000e+00   0.000000e+00   0.000000e+00   0.000000e+00   0.000000e+00   0.000000e+00   0.000000e+00   0.000000e+00   1.088000e+00

# timestamp: 1762899120.959973
 6.219357e+00   0.000000e+00   0.000000e+00   2.443100e+00   0.000000e+00   0.000000e+00   0.000000e+00   0.000000e+00   0.000000e+00
 0.000000e+00   6.219357e+00   0.000000e+00   0.000000e+00   2.443100e+00   0.000000e+00   0.000000e+00   0.000000e+00   0.000000e+00
 0.000000e+00   0.000000e+00   6.219357e+00   0.000000e+00   0.000000e+00   2.443100e+00   0.000000e+00   0.000000e+00   0.000000e+00
 2.443100e+00   0.000000e+00   0.000000e+00   1.220000e+00   0.000000e+00   0.000000e+00   0.000000e+00   0.000000e+00   0.000000e+00
 0.000000e+00   2.443100e+00   0.000000e+00   0.000000e+00   1.220000e+00   0.000000e+00   0.000000e+00   0.000000e+00   0.000000e+00
 0.000000e+00   0.000000e+00   2.443100e+00   0.000000e+00   0.000000e+00   1.220000e+00   0.000000e+00   0.000000e+00   0.000000e+00
 0.000000e+00   0.000000e+00   0.000000e+00   0.000000e+00   0.000000e+00   0.000000e+00   1.220000e+00   0.000000e+00   0.000000e+00
 0.000000e+00   0.000000e+00   0.000000e+00   0.000000e+00   0.000000e+00   0.000000e+00   0.000000e+00   1.220000e+00   0.000000e+00
 0.000000e+00   0.000000e+00   0.000000e+00   0.000000e+00   0.000000e+00   0.000000e+00   0.000000e+00   0.000000e+00   1.220000e+00

# timestamp: 1762899121.6748605
 1.032284e+01   0.000000e+00   0.000000e+00   3.334860e+00   0.000000e+00   0.000000e+00   0.000000e+00   0.000000e+00   0.000000e+00
 0.000000e+00   1.032284e+01   0.000000e+00   0.000000e+00   3.334860e+00   0.000000e+00   0.000000e+00   0.000000e+00   0.000000e+00
 0.000000e+00   0.000000e+00   1.032284e+01   0.000000e+00   0.000000e+00   3.334860e+00   0.000000e+00   0.000000e+00   0.000000e+00
 3.334860e+00   0.000000e+00   0.000000e+00   1.291000e+00   0.000000e+00   0.000000e+00   0.000000e+00   0.000000e+00   0.000000e+00
 0.000000e+00   3.334860e+00   0.000000e+00   0.000000e+00   1.291000e+00   0.000000e+00   0.000000e+00   0.000000e+00   0.000000e+00
 0.000000e+00   0.000000e+00   3.334860e+00   0.000000e+00   0.000000e+00   1.291000e+00   0.000000e+00   0.000000e+00   0.000000e+00
 0.000000e+00   0.000000e+00   0.000000e+00   0.000000e+00   0.000000e+00   0.000000e+00   1.291000e+00   0.000000e+00   0.000000e+00
 0.000000e+00   0.000000e+00   0.000000e+00   0.000000e+00   0.000000e+00   0.000000e+00   0.000000e+00   1.291000e+00   0.000000e+00
 0.000000e+00   0.000000e+00   0.000000e+00   0.000000e+00   0.000000e+00   0.000000e+00   0.000000e+00   0.000000e+00   1.291000e+00

# timestamp: 1762899121.9263701
 1.207401e+01   0.000000e+00   0.000000e+00   3.660860e+00   0.000000e+00   0.000000e+00   0.000000e+00   0.000000e+00   0.000000e+00
 0.000000e+00   1.207401e+01   0.000000e+00   0.000000e+00   3.660860e+00   0.000000e+00   0.000000e+00   0.000000e+00   0.000000e+00
 0.000000e+00   0.000000e+00   1.207401e+01   0.000000e+00   0.000000e+00   3.660860e+00   0.000000e+00   0.000000e+00   0.000000e+00
 3.660860e+00   0.000000e+00   0.000000e+00   1.316000e+00   0.000000e+00   0.000000e+00   0.000000e+00   0.000000e+00   0.000000e+00
 0.000000e+00   3.660860e+00   0.000000e+00   0.000000e+00   1.316000e+00   0.000000e+00   0.000000e+00   0.000000e+00   0.000000e+00
 0.000000e+00   0.000000e+00   3.660860e+00   0.000000e+00   0.000000e+00   1.316000e+00   0.000000e+00   0.000000e+00   0.000000e+00
 0.000000e+00   0.000000e+00   0.000000e+00   0.000000e+00   0.000000e+00   0.000000e+00   1.316000e+00   0.000000e+00   0.000000e+00
 0.000000e+00   0.000000e+00   0.000000e+00   0.000000e+00   0.000000e+00   0.000000e+00   0.000000e+00   1.316000e+00   0.000000e+00
 0.000000e+00   0.000000e+00   0.000000e+00   0.000000e+00   0.000000e+00   0.000000e+00   0.000000e+00   0.000000e+00   1.316000e+00

# timestamp: 1762899122.1674457
 1.398975e+01   0.000000e+00   0.000000e+00   3.993110e+00   0.000000e+00   0.000000e+00   0.000000e+00   0.000000e+00   0.000000e+00
 0.000000e+00   1.398975e+01   0.000000e+00   0.000000e+00   3.993110e+00   0.000000e+00   0.000000e+00   0.000000e+00   0.000000e+00
 0.000000e+00   0.000000e+00   1.398975e+01   0.000000e+00   0.000000e+00   3.993110e+00   0.000000e+00   0.000000e+00   0.000000e+00
 3.993110e+00   0.000000e+00   0.000000e+00   1.341000e+00   0.000000e+00   0.000000e+00   0.000000e+00   0.000000e+00   0.000000e+00
 0.000000e+00   3.993110e+00   0.000000e+00   0.000000e+00   1.341000e+00   0.000000e+00   0.000000e+00   0.000000e+00   0.000000e+00
 0.000000e+00   0.000000e+00   3.993110e+00   0.000000e+00   0.000000e+00   1.341000e+00   0.000000e+00   0.000000e+00   0.000000e+00
 0.000000e+00   0.000000e+00   0.000000e+00   0.000000e+00   0.000000e+00   0.000000e+00   1.341000e+00   0.000000e+00   0.000000e+00
 0.000000e+00   0.000000e+00   0.000000e+00   0.000000e+00   0.000000e+00   0.000000e+00   0.000000e+00   1.341000e+00   0.000000e+00
 0.000000e+00   0.000000e+00   0.000000e+00   0.000000e+00   0.000000e+00   0.000000e+00   0.000000e+00   0.000000e+00   1.341000e+00

# timestamp: 1762899122.5103025
 1.686485e+01   0.000000e+00   0.000000e+00   4.455000e+00   0.000000e+00   0.000000e+00   0.000000e+00   0.000000e+00   0.000000e+00
 0.000000e+00   1.686485e+01   0.000000e+00   0.000000e+00   4.455000e+00   0.000000e+00   0.000000e+00   0.000000e+00   0.000000e+00
 0.000000e+00   0.000000e+00   1.686485e+01   0.000000e+00   0.000000e+00   4.455000e+00   0.000000e+00   0.000000e+00   0.000000e+00
 4.455000e+00   0.000000e+00   0.000000e+00   1.375000e+00   0.000000e+00   0.000000e+00   0.000000e+00   0.000000e+00   0.000000e+00
 0.000000e+00   4.455000e+00   0.000000e+00   0.000000e+00   1.375000e+00   0.000000e+00   0.000000e+00   0.000000e+00   0.000000e+00
 0.000000e+00   0.000000e+00   4.455000e+00   0.000000e+00   0.000000e+00   1.375000e+00   0.000000e+00   0.000000e+00   0.000000e+00
 0.000000e+00   0.000000e+00   0.000000e+00   0.000000e+00   0.000000e+00   0.000000e+00   1.375000e+00   0.000000e+00   0.000000e+00
 0.000000e+00   0.000000e+00   0.000000e+00   0.000000e+00   0.000000e+00   0.000000e+00   0.000000e+00   1.375000e+00   0.000000e+00
 0.000000e+00   0.000000e+00   0.000000e+00   0.000000e+00   0.000000e+00   0.000000e+00   0.000000e+00   0.000000e+00   1.375000e+00

# timestamp: 1762899122.7896502
 1.947102e+01   0.000000e+00   0.000000e+00   4.844060e+00   0.000000e+00   0.000000e+00   0.000000e+00   0.000000e+00   0.000000e+00
 0.000000e+00   1.947102e+01   0.000000e+00   0.000000e+00   4.844060e+00   0.000000e+00   0.000000e+00   0.000000e+00   0.000000e+00
 0.000000e+00   0.000000e+00   1.947102e+01   0.000000e+00   0.000000e+00   4.844060e+00   0.000000e+00   0.000000e+00   0.000000e+00
 4.844060e+00   0.000000e+00   0.000000e+00   1.403000e+00   0.000000e+00   0.000000e+00   0.000000e+00   0.000000e+00   0.000000e+00
 0.000000e+00   4.844060e+00   0.000000e+00   0.000000e+00   1.403000e+00   0.000000e+00   0.000000e+00   0.000000e+00   0.000000e+00
 0.000000e+00   0.000000e+00   4.844060e+00   0.000000e+00   0.000000e+00   1.403000e+00   0.000000e+00   0.000000e+00   0.000000e+00
 0.000000e+00   0.000000e+00   0.000000e+00   0.000000e+00   0.000000e+00   0.000000e+00   1.403000e+00   0.000000e+00   0.000000e+00
 0.000000e+00   0.000000e+00   0.000000e+00   0.000000e+00   0.000000e+00   0.000000e+00   0.000000e+00   1.403000e+00   0.000000e+00
 0.000000e+00   0.000000e+00   0.000000e+00   0.000000e+00   0.000000e+00   0.000000e+00   0.000000e+00   0.000000e+00   1.403000e+00

# timestamp: 1762899123.0670052
 2.219249e+01   0.000000e+00   0.000000e+00   5.226650e+00   0.000000e+00   0.000000e+00   0.000000e+00   0.000000e+00   0.000000e+00
 0.000000e+00   2.219249e+01   0.000000e+00   0.000000e+00   5.226650e+00   0.000000e+00   0.000000e+00   0.000000e+00   0.000000e+00
 0.000000e+00   0.000000e+00   2.219249e+01   0.000000e+00   0.000000e+00   5.226650e+00   0.000000e+00   0.000000e+00   0.000000e+00
 5.226650e+00   0.000000e+00   0.000000e+00   1.430000e+00   0.000000e+00   0.000000e+00   0.000000e+00   0.000000e+00   0.000000e+00
 0.000000e+00   5.226650e+00   0.000000e+00   0.000000e+00   1.430000e+00   0.000000e+00   0.000000e+00   0.000000e+00   0.000000e+00
 0.000000e+00   0.000000e+00   5.226650e+00   0.000000e+00   0.000000e+00   1.430000e+00   0.000000e+00   0.000000e+00   0.000000e+00
 0.000000e+00   0.000000e+00   0.000000e+00   0.000000e+00   0.000000e+00   0.000000e+00   1.430000e+00   0.000000e+00   0.000000e+00
 0.000000e+00   0.000000e+00   0.000000e+00   0.000000e+00   0.000000e+00   0.000000e+00   0.000000e+00   1.430000e+00   0.000000e+00
 0.000000e+00   0.000000e+00   0.000000e+00   0.000000e+00   0.000000e+00   0.000000e+00   0.000000e+00   0.000000e+00   1.430000e+00

# timestamp: 1762899123.4792387
 2.946695e-02  -8.974137e-03   1.759415e-03   2.547068e-02   3.112957e-03  -3.746883e-03  -2.601368e-02   1.517465e-02   1.702915e-01
-8.974137e-03   1.924310e-02   3.417171e-03   2.987116e-03   2.891728e-02  -6.264734e-03  -4.685356e-02   2.733124e-02  -9.872987e-02
 1.759415e-03   3.417171e-03   1.077225e-02   3.756637e-03   6.598443e-03   1.424090e-02  -3.535791e-02   2.062545e-02  -1.317563e-03
 2.547068e-02   2.987116e-03   3.756637e-03   1.637625e-01   9.234661e-03  -7.214454e-03  -5.269487e-02   3.073867e-02   3.031979e-02
 3.112957e-03   2.891728e-02   6.598443e-03   9.234661e-03   1.744868e-01  -1.250759e-02  -9.196119e-02   5.364403e-02  -1.648617e-02
-3.746883e-03  -6.264734e-03   1.424090e-02  -7.214454e-03  -1.250759e-02   1.667913e-01   6.721666e-02  -3.920972e-02  -9.491541e-04
-2.601368e-02  -4.685356e-02  -3.535791e-02  -5.269487e-02  -9.196119e-02   6.721666e-02   8.691857e-01   3.510583e-01   5.867570e-03
 1.517465e-02   2.733124e-02   2.062545e-02   3.073867e-02   5.364403e-02  -3.920972e-02   3.510583e-01   1.266216e+00  -3.422749e-03
 1.702915e-01  -9.872987e-02  -1.317563e-03   3.031979e-02  -1.648617e-02  -9.491541e-04   5.867570e-03  -3.422749e-03   1.468207e+00

# timestamp: 1762899123.7189965
 2.755667e-02  -1.030024e-02   5.621920e-04   1.954571e-02   4.096232e-04  -1.825307e-03  -1.311822e-02   7.652298e-03   1.721819e-01
-1.030024e-02   1.594836e-02   1.268044e-03   4.655846e-04   2.013927e-02  -3.200269e-03  -2.452367e-02   1.430547e-02  -1.004659e-01
 5.621920e-04   1.268044e-03   7.457381e-03   8.982037e-04   1.584631e-03   1.467508e-02  -1.233242e-02   7.193914e-03  -1.094482e-03
 1.954571e-02   4.655846e-04   8.982037e-04   9.758355e-02   1.559948e-03  -2.341689e-03  -1.850566e-02   1.079497e-02   1.992904e-02
 4.096232e-04   2.013927e-02   1.584631e-03   1.559948e-03   9.940159e-02  -4.046440e-03  -3.218142e-02   1.877250e-02  -1.206686e-02
-1.825307e-03  -3.200269e-03   1.467508e-02  -2.341689e-03  -4.046440e-03   1.002569e-01   3.241608e-02  -1.890938e-02   1.348882e-04
-1.311822e-02  -2.452367e-02  -1.233242e-02  -1.850566e-02  -3.218142e-02   3.241608e-02   6.324939e-01   5.037119e-01   6.666725e-03
 7.652298e-03   1.430547e-02   7.193914e-03   1.079497e-02   1.877250e-02  -1.890938e-02   5.037119e-01   1.202168e+00  -3.888923e-03
 1.721819e-01  -1.004659e-01  -1.094482e-03   1.992904e-02  -1.206686e-02   1.348882e-04   6.666725e-03  -3.888923e-03   1.491725e+00

# timestamp: 1762899123.9746883
 7.283283e-03  -6.255696e-05   2.027160e-05   1.469773e-02   1.651045e-05   6.283944e-05   7.508163e-05  -4.379762e-05   1.619333e-04
-6.255696e-05   7.227294e-03  -2.678764e-06   3.801802e-05   1.470745e-02   7.310697e-06   6.503583e-05  -3.793757e-05  -1.306727e-04
 2.027160e-05  -2.678764e-06   7.195876e-03   5.138514e-05   7.901561e-05   1.489157e-02   2.799620e-05  -1.633112e-05   2.863298e-05
 1.469773e-02   3.801802e-05   5.138514e-05   7.238185e-02  -5.465037e-04   3.364269e-04   1.826773e-04  -1.065617e-04  -2.399646e-05
 1.651045e-05   1.470745e-02   7.901561e-05  -5.465037e-04   7.163164e-02   5.174286e-04   1.995334e-04  -1.163945e-04  -5.283572e-05
 6.283944e-05   7.310697e-06   1.489157e-02   3.364269e-04   5.174286e-04   7.246704e-02   1.834647e-04  -1.070211e-04   5.449620e-05
 7.508163e-05   6.503583e-05   2.799620e-05   1.826773e-04   1.995334e-04   1.834647e-04   2.587724e-03   6.179814e-06   8.061558e-07
-4.379762e-05  -3.793757e-05  -1.633112e-05  -1.065617e-04  -1.163945e-04  -1.070211e-04   6.179814e-06   2.594713e-03  -4.702576e-07
 1.619333e-04  -1.306727e-04   2.863298e-05  -2.399646e-05  -5.283572e-05   5.449620e-05   8.061558e-07  -4.702576e-07   2.598065e-03

# timestamp: 1762899124.2838268
 6.307602e-03  -1.096698e-05   5.140359e-06   1.103971e-02  -4.417932e-05   1.831243e-05  -7.646144e-07   4.460251e-07   2.209547e-05
-1.096698e-05   6.293542e-03   7.229480e-06  -4.027623e-05   1.098325e-02   2.736977e-05  -2.530339e-06   1.476031e-06  -1.276475e-05
 5.140359e-06   7.229480e-06   6.313828e-03   1.673017e-05   4.084451e-05   1.104156e-02  -2.189980e-05   1.277488e-05   7.129009e-07
 1.103971e-02  -4.027623e-05   1.673017e-05   5.761746e-02  -4.172134e-04   8.911802e-05  -1.246613e-06   7.271909e-07   3.544627e-05
-4.417932e-05   1.098325e-02   4.084451e-05  -4.172134e-04   5.714712e-02   1.581357e-04  -4.146622e-06   2.418863e-06  -2.046926e-05
 1.831243e-05   2.736977e-05   1.104156e-02   8.911802e-05   1.581357e-04   5.716847e-02  -3.516764e-05   2.051446e-05   1.147291e-06
-7.646144e-07  -2.530339e-06  -2.189980e-05  -1.246613e-06  -4.146622e-06  -3.516764e-05   2.074250e-03   4.431989e-08  -1.970388e-11
 4.460251e-07   1.476031e-06   1.277488e-05   7.271909e-07   2.418863e-06   2.051446e-05   4.431989e-08   2.074300e-03   1.149393e-11
 2.209547e-05  -1.276475e-05   7.129009e-07   3.544627e-05  -2.046926e-05   1.147291e-06  -1.970388e-11   1.149393e-11   2.074224e-03

# timestamp: 1762899124.5319717
 5.492290e-03  -8.889898e-06   2.115949e-06   9.664905e-03  -3.705835e-05   7.313776e-06  -7.442137e-07   4.341246e-07   2.211445e-05
-8.889898e-06   5.481869e-03   3.788046e-06  -3.602105e-05   9.623873e-03   1.125127e-05  -2.506465e-06   1.462105e-06  -1.279578e-05
 2.115949e-06   3.788046e-06   5.489038e-03   6.892659e-06   1.483167e-05   9.628537e-03  -2.189606e-05   1.277270e-05   7.108979e-07
 9.664905e-03  -3.602105e-05   6.892659e-06   5.453270e-02  -2.040461e-04   3.118082e-05  -1.223439e-06   7.136729e-07   3.627916e-05
-3.705835e-05   9.623873e-03   1.483167e-05  -2.040461e-04   5.431681e-02   4.701196e-05  -4.129045e-06   2.408610e-06  -2.099533e-05
 7.313776e-06   1.125127e-05   9.628537e-03   3.118082e-05   4.701196e-05   5.425855e-02  -3.577022e-05   2.086596e-05   1.164499e-06
-7.442137e-07  -2.506465e-06  -2.189606e-05  -1.223439e-06  -4.129045e-06  -3.577022e-05   2.062138e-03   6.074311e-08   3.680795e-12
 4.341246e-07   1.462105e-06   1.277270e-05   7.136729e-07   2.408610e-06   2.086596e-05   6.074311e-08   2.062207e-03  -2.147131e-12
 2.211445e-05  -1.279578e-05   7.108979e-07   3.627916e-05  -2.099533e-05   1.164499e-06   3.680795e-12  -2.147131e-12   2.062103e-03

# timestamp: 1762899124.7692444
 5.373282e-03  -7.088631e-06   1.130254e-06   9.552922e-03  -2.084549e-05   3.027412e-06  -7.697379e-07   4.490138e-07   2.259555e-05
-7.088631e-06   5.365433e-03   1.907650e-06  -2.054782e-05   9.530884e-03   4.013905e-06  -2.575663e-06   1.502470e-06  -1.307962e-05
 1.130254e-06   1.907650e-06   5.369896e-03   2.907191e-06   5.043985e-06   9.531113e-03  -2.237053e-05   1.304948e-05   7.265615e-07
 9.552922e-03  -2.054782e-05   2.907191e-06   5.402942e-02  -7.935646e-05   1.024268e-05  -1.274621e-06   7.435286e-07   3.742828e-05
-2.084549e-05   9.530884e-03   5.043985e-06  -7.935646e-05   5.394803e-02   1.210167e-05  -4.267152e-06   2.489172e-06  -2.166906e-05
 3.027412e-06   4.013905e-06   9.531113e-03   1.024268e-05   1.210167e-05   5.392237e-02  -3.697023e-05   2.156597e-05   1.203364e-06
-7.697379e-07  -2.575663e-06  -2.237053e-05  -1.274621e-06  -4.267152e-06  -3.697023e-05   2.069306e-03   6.676677e-08   3.920618e-12
 4.490138e-07   1.502470e-06   1.304948e-05   7.435286e-07   2.489172e-06   2.156597e-05   6.676677e-08   2.069381e-03  -2.287027e-12
 2.259555e-05  -1.307962e-05   7.265615e-07   3.742828e-05  -2.166906e-05   1.203364e-06   3.920618e-12  -2.287027e-12   2.069267e-03

# timestamp: 1762899125.0154338
 5.357924e-03  -5.120296e-06   6.942951e-07   9.535056e-03  -1.046991e-05   1.339635e-06  -1.375466e-06   8.023550e-07   4.149086e-05
-5.120296e-06   5.352296e-03   1.100556e-06  -1.038347e-05   9.523988e-03   1.634349e-06  -4.664809e-06   2.721139e-06  -2.401386e-05
 6.942951e-07   1.100556e-06   5.357195e-03   1.304809e-06   1.933570e-06   9.528347e-03  -4.111054e-05   2.398115e-05   1.335469e-06
 9.535056e-03  -1.038347e-05   1.304809e-06   5.375831e-02  -2.845518e-05   3.444154e-06  -2.284265e-06   1.332488e-06   6.892705e-05
-1.046991e-05   9.523988e-03   1.933570e-06  -2.845518e-05   5.372909e-02   3.449079e-06  -7.747547e-06   4.519402e-06  -3.989583e-05
 1.339635e-06   1.634349e-06   9.528347e-03   3.444154e-06   3.449079e-06   5.373041e-02  -6.824429e-05   3.980917e-05   2.219204e-06
-1.375466e-06  -4.664809e-06  -4.111054e-05  -2.284265e-06  -7.747547e-06  -6.824429e-05   3.077940e-03   2.314019e-07   4.765245e-12
 8.023550e-07   2.721139e-06   2.398115e-05   1.332488e-06   4.519402e-06   3.980917e-05   2.314019e-07   3.078202e-03  -2.779726e-12
 4.149086e-05  -2.401386e-05   1.335469e-06   6.892705e-05  -3.989583e-05   2.219204e-06   4.765245e-12  -2.779726e-12   3.077805e-03

# timestamp: 1762899125.2665558
 5.399918e-03  -3.582059e-06   4.692095e-07   9.547802e-03  -5.437667e-06   6.914991e-07  -8.039570e-07   4.689749e-07   2.427072e-05
-3.582059e-06   5.395936e-03   7.514383e-07  -5.413277e-06   9.541895e-03   9.341425e-07  -2.727805e-06   1.591219e-06  -1.404656e-05
 4.692095e-07   7.514383e-07   5.400708e-03   6.816511e-07   1.018554e-06   9.547579e-03  -2.405872e-05   1.403425e-05   7.814465e-07
 9.547802e-03  -5.413277e-06   6.816511e-07   5.361531e-02  -1.130117e-05   1.429887e-06  -1.324223e-06   7.724634e-07   3.997952e-05
-5.437667e-06   9.541895e-03   1.018554e-06  -1.130117e-05   5.360323e-02   1.711521e-06  -4.492974e-06   2.620902e-06  -2.313835e-05
 6.914991e-07   9.341425e-07   9.547579e-03   1.429887e-06   1.711521e-06   5.361285e-02  -3.962441e-05   2.311424e-05   1.287472e-06
-8.039570e-07  -2.727805e-06  -2.405872e-05  -1.324223e-06  -4.492974e-06  -3.962441e-05   2.081381e-03   7.537961e-08   3.135935e-13
 4.689749e-07   1.591219e-06   1.403425e-05   7.724634e-07   2.620902e-06   2.311424e-05   7.537961e-08   2.081466e-03  -1.829296e-13
 2.427072e-05  -1.404656e-05   7.814465e-07   3.997952e-05  -2.313835e-05   1.287472e-06   3.135935e-13  -1.829296e-13   2.081337e-03

# timestamp: 1762899125.501858
 5.356626e-03  -5.007881e-06   6.768192e-07   9.496849e-03  -7.155822e-06   9.691737e-07  -2.206300e-06   1.287008e-06   6.307413e-05
-5.007881e-06   5.350978e-03   1.140961e-06  -7.148737e-06   9.488804e-03   1.588887e-06  -7.289591e-06   4.252262e-06  -3.649478e-05
 6.768192e-07   1.140961e-06   5.359091e-03   9.664576e-07   1.613648e-06   9.500203e-03  -6.250292e-05   3.646004e-05   2.029850e-06
 9.496849e-03  -7.148737e-06   9.664576e-07   5.354808e-02  -1.256037e-05   1.716683e-06  -3.638805e-06   2.122636e-06   1.039889e-04
-7.155822e-06   9.488804e-03   1.613648e-06  -1.256037e-05   5.353397e-02   2.775470e-06  -1.202035e-05   7.011869e-06  -6.016824e-05
 9.691737e-07   1.588887e-06   9.500203e-03   1.716683e-06   2.775470e-06   5.355384e-02  -1.030456e-04   6.010992e-05   3.346807e-06
-2.206300e-06  -7.289591e-06  -6.250292e-05  -3.638805e-06  -1.202035e-05  -1.030456e-04   3.310667e-03   5.126491e-07   6.135844e-14
 1.287008e-06   4.252262e-06   3.646004e-05   2.122636e-06   7.011869e-06   6.010992e-05   5.126491e-07   3.311247e-03  -3.579242e-14
 6.307413e-05  -3.649478e-05   2.029850e-06   1.039889e-04  -6.016824e-05   3.346807e-06   6.135844e-14  -3.579242e-14   3.310368e-03

# timestamp: 1762899125.7361386
 5.064276e-03  -3.417124e-06   4.558426e-07   8.959954e-03  -4.480635e-06   5.982059e-07  -1.362763e-06   7.949450e-07   4.091490e-05
-3.417124e-06   5.060411e-03   7.766910e-07  -4.478577e-06   8.954888e-03   1.010080e-06  -4.611887e-06   2.690268e-06  -2.367599e-05
 4.558426e-07   7.766910e-07   5.066112e-03   5.974084e-07   1.017279e-06   8.962379e-03  -4.056332e-05   2.366194e-05   1.317308e-06
 8.959954e-03  -4.478577e-06   5.974084e-07   5.253475e-02  -8.411736e-06   1.132670e-06  -2.293339e-06   1.337781e-06   6.885006e-05
-4.480635e-06   8.954888e-03   1.017279e-06  -8.411736e-06   5.252523e-02   1.917749e-06  -7.760949e-06   4.527220e-06  -3.984106e-05
 5.982059e-07   1.010080e-06   8.962379e-03   1.132670e-06   1.917749e-06   5.253936e-02  -6.825871e-05   3.981758e-05   2.216760e-06
-1.362763e-06  -4.611887e-06  -4.056332e-05  -2.293339e-06  -7.760949e-06  -6.825871e-05   2.078210e-03   2.303850e-07  -6.437977e-14
 7.949450e-07   2.690268e-06   2.366194e-05   1.337781e-06   4.527220e-06   3.981758e-05   2.303850e-07   2.078471e-03   3.755486e-14
 4.091490e-05  -2.367599e-05   1.317308e-06   6.885006e-05  -3.984106e-05   2.216760e-06  -6.437977e-14   3.755486e-14   2.078076e-03

# timestamp: 1762899125.967375
 5.299115e-03  -3.406028e-06   4.530657e-07   9.456508e-03  -4.331078e-06   5.767038e-07  -7.404920e-07   4.319537e-07   2.233809e-05
-3.406028e-06   5.295259e-03   7.760801e-07  -4.330461e-06   9.451603e-03   9.865693e-07  -2.511891e-06   1.465270e-06  -1.292658e-05
 4.530657e-07   7.760801e-07   5.300992e-03   5.764596e-07   9.887238e-07   9.458908e-03  -2.214731e-05   1.291927e-05   7.192323e-07
 9.456508e-03  -4.330461e-06   5.764596e-07   5.348999e-02  -7.961077e-06   1.065210e-06  -1.230552e-06   7.178222e-07   3.712153e-05
-4.331078e-06   9.451603e-03   9.887238e-07  -7.961077e-06   5.348097e-02   1.825959e-06  -4.174276e-06   2.434994e-06  -2.148145e-05
 5.767038e-07   9.865693e-07   9.458908e-03   1.065210e-06   1.825959e-06   5.349439e-02  -3.680458e-05   2.146934e-05   1.195228e-06
-7.404920e-07  -2.511891e-06  -2.214731e-05  -1.230552e-06  -4.174276e-06  -3.680458e-05   2.069321e-03   6.721338e-08  -8.195408e-15
 4.319537e-07   1.465270e-06   1.291927e-05   7.178222e-07   2.434994e-06   2.146934e-05   6.721338e-08   2.069397e-03   4.780655e-15
 2.233809e-05  -1.292658e-05   7.192323e-07   3.712153e-05  -2.148145e-05   1.195228e-06  -8.195408e-15   4.780655e-15   2.069281e-03

# timestamp: 1762899126.223892
 5.638461e-03  -2.831364e-06   3.778930e-07   1.004601e-02  -3.612286e-06   4.831350e-07  -7.601709e-07   4.434330e-07   2.264769e-05
-2.831364e-06   5.635254e-03   6.481480e-07  -3.612106e-06   1.004192e-02   8.285567e-07  -2.563025e-06   1.495098e-06  -1.310371e-05
 3.778930e-07   6.481480e-07   5.640025e-03   4.830732e-07   8.292037e-07   1.004801e-02  -2.245123e-05   1.309655e-05   7.290927e-07
 1.004601e-02  -3.612106e-06   4.830732e-07   5.449189e-02  -7.058959e-06   9.454458e-07  -1.241943e-06   7.244665e-07   3.699923e-05
-3.612286e-06   1.004192e-02   8.292037e-07  -7.058959e-06   5.448389e-02   1.622219e-06  -4.187289e-06   2.442585e-06  -2.140735e-05
 4.831350e-07   8.285567e-07   1.004801e-02   9.454458e-07   1.622219e-06   5.449576e-02  -3.667828e-05   2.139566e-05   1.191109e-06
-7.601709e-07  -2.563025e-06  -2.245123e-05  -1.241943e-06  -4.187289e-06  -3.667828e-05   3.068911e-03   6.741319e-08  -1.579673e-15
 4.434330e-07   1.495098e-06   1.309655e-05   7.244665e-07   2.442585e-06   2.139566e-05   6.741319e-08   3.068987e-03   9.214761e-16
 2.264769e-05  -1.310371e-05   7.290927e-07   3.699923e-05  -2.140735e-05   1.191109e-06  -1.579673e-15   9.214761e-16   3.068871e-03

# timestamp: 1762899126.6029377
 5.883036e-03  -3.365255e-06   4.473310e-07   9.670450e-03  -4.224398e-06   5.618566e-07  -8.658506e-07   5.050795e-07   2.598149e-05
-3.365255e-06   5.879225e-03   7.673461e-07  -4.224366e-06   9.665666e-03   9.637526e-07  -2.929466e-06   1.708855e-06  -1.503441e-05
 4.473310e-07   7.673461e-07   5.884896e-03   5.618753e-07   9.639261e-07   9.672783e-03  -2.575835e-05   1.502570e-05   8.364941e-07
 9.670450e-03  -4.224366e-06   5.618753e-07   5.353869e-02  -7.453283e-06   9.921585e-07  -1.314097e-06   7.665564e-07   3.942699e-05
-4.224398e-06   9.665666e-03   9.639261e-07  -7.453283e-06   5.353025e-02   1.701720e-06  -4.445760e-06   2.593360e-06  -2.281474e-05
 5.618566e-07   9.637526e-07   9.672783e-03   9.921585e-07   1.701720e-06   5.354280e-02  -3.908832e-05   2.280152e-05   1.269381e-06
-8.658506e-07  -2.929466e-06  -2.575835e-05  -1.314097e-06  -4.445760e-06  -3.908832e-05   2.074912e-03   6.282153e-08   3.535026e-16
 5.050795e-07   1.708855e-06   1.502570e-05   7.665564e-07   2.593360e-06   2.280152e-05   6.282153e-08   2.074983e-03  -2.062098e-16
 2.598149e-05  -1.503441e-05   8.364941e-07   3.942699e-05  -2.281474e-05   1.269381e-06   3.535026e-16  -2.062098e-16   2.074875e-03

# timestamp: 1762899126.8620615
 5.546900e-03  -3.453917e-06   4.591876e-07   9.594225e-03  -4.546234e-06   6.046834e-07  -1.435366e-06   8.372968e-07   4.320297e-05
-3.453917e-06   5.542988e-03   7.876827e-07  -4.546226e-06   9.589077e-03   1.037232e-06  -4.863675e-06   2.837144e-06  -2.500016e-05
 4.591876e-07   7.876827e-07   5.548808e-03   6.046956e-07   1.037291e-06   9.596737e-03  -4.283310e-05   2.498598e-05   1.390994e-06
 9.594225e-03  -4.546226e-06   6.046956e-07   5.418821e-02  -8.238912e-06   1.096028e-06  -2.305255e-06   1.344732e-06   6.938348e-05
-4.546234e-06   9.589077e-03   1.037291e-06  -8.238912e-06   5.417888e-02   1.879951e-06  -7.811133e-06   4.556494e-06  -4.014997e-05
 6.046834e-07   1.037232e-06   9.596737e-03   1.096028e-06   1.879951e-06   5.419276e-02  -6.878945e-05   4.012718e-05   2.233920e-06
-1.435366e-06  -4.863675e-06  -4.283310e-05  -2.305255e-06  -7.811133e-06  -6.878945e-05   3.078381e-03   2.230760e-07   4.394716e-16
 8.372968e-07   2.837144e-06   2.498598e-05   1.344732e-06   4.556494e-06   4.012718e-05   2.230760e-07   3.078633e-03  -2.563584e-16
 4.320297e-05  -2.500016e-05   1.390994e-06   6.938348e-05  -4.014997e-05   2.233920e-06   4.394716e-16  -2.563584e-16   3.078251e-03

# timestamp: 1762899127.1203268
 5.713220e-03  -4.351861e-06   5.822218e-07   1.009608e-02  -5.822684e-06   7.804572e-07  -5.259627e-07   3.068116e-07   1.552280e-05
-4.351861e-06   5.708293e-03   9.986952e-07  -5.822682e-06   1.008949e-02   1.338713e-06  -1.764982e-06   1.029573e-06  -8.982224e-06
 5.822218e-07   9.986952e-07   5.715624e-03   7.805119e-07   1.338817e-06   1.009929e-02  -1.538743e-05   8.976000e-06   4.996968e-07
 1.009608e-02  -5.822682e-06   7.805119e-07   5.503499e-02  -1.008576e-05   1.351479e-06  -8.479344e-07   4.946284e-07   2.502127e-05
-5.822684e-06   1.008949e-02   1.338817e-06  -1.008576e-05   5.502357e-02   2.318157e-06  -2.845210e-06   1.659706e-06  -1.447847e-05
 7.804572e-07   1.338713e-06   1.009929e-02   1.351479e-06   2.318157e-06   5.504056e-02  -2.480302e-05   1.446843e-05   8.054622e-07
-5.259627e-07  -1.764982e-06  -1.538743e-05  -8.479344e-07  -2.845210e-06  -2.480302e-05   1.160468e-03   2.963608e-08   1.324103e-16
 3.068116e-07   1.029573e-06   8.976000e-06   4.946284e-07   1.659706e-06   1.446843e-05   2.963608e-08   1.160501e-03  -7.723934e-17
 1.552280e-05  -8.982224e-06   4.996968e-07   2.502127e-05  -1.447847e-05   8.054622e-07   1.324103e-16  -7.723934e-17   1.160450e-03

# timestamp: 1762899127.5308127
 5.707757e-03  -1.962199e-06   3.019138e-07   1.002641e-02  -2.240088e-06   3.624467e-07   1.968017e-07  -1.148010e-07  -2.288680e-06
-1.962199e-06   5.705530e-03   5.187091e-07  -2.239859e-06   1.002387e-02   6.230030e-07   4.662593e-07  -2.719846e-07   1.305557e-06
 3.019138e-07   5.187091e-07   5.708817e-03   3.586657e-07   6.164758e-07   1.002761e-02   2.226541e-06  -1.298815e-06  -7.200042e-08
 1.002641e-02  -2.239859e-06   3.586657e-07   5.482674e-02  -4.930677e-06   7.517885e-07   2.987242e-07  -1.742558e-07  -3.598398e-06
-2.240088e-06   1.002387e-02   6.164758e-07  -4.930677e-06   5.482114e-02   1.291501e-06   7.145980e-07  -4.168488e-07   2.054342e-06
 3.624467e-07   6.230030e-07   1.002761e-02   7.517885e-07   1.291501e-06   5.482941e-02   3.504466e-06  -2.044272e-06  -1.133523e-07
 1.968017e-07   4.662593e-07   2.226541e-06   2.987242e-07   7.145980e-07   3.504466e-06   2.069036e-03   7.488247e-09  -4.191747e-13
-1.148010e-07  -2.719846e-07  -1.298815e-06  -1.742558e-07  -4.168488e-07  -2.044272e-06   7.488247e-09   2.069045e-03   2.445186e-13
-2.288680e-06   1.305557e-06  -7.200042e-08  -3.598398e-06   2.054342e-06  -1.133523e-07  -4.191747e-13   2.445186e-13   2.069032e-03

# timestamp: 1762899127.7804031
 3.398716e-03  -6.356787e-07   7.211512e-08   6.440465e-03  -1.017274e-06   1.086189e-07  -7.552141e-08   4.405415e-08   1.011756e-05
-6.356787e-07   3.398001e-03   1.233469e-07  -1.017360e-06   6.439322e-03   1.855871e-07  -6.861832e-07   4.002735e-07  -5.926101e-06
 7.211512e-08   1.233469e-07   3.399074e-03   1.088965e-07   1.860823e-07   6.441040e-03  -1.011550e-05   5.900706e-06   3.280291e-07
 6.440465e-03  -1.017360e-06   1.088965e-07   4.881961e-02  -3.594882e-06   4.349336e-07  -1.577874e-07   9.204264e-08   1.871387e-05
-1.017274e-06   6.439322e-03   1.860823e-07  -3.594882e-06   4.881556e-02   7.448492e-07  -1.300582e-06   7.586727e-07  -1.095662e-05
 1.086189e-07   1.855871e-07   6.441040e-03   4.349336e-07   7.448492e-07   4.882162e-02  -1.870432e-05   1.091085e-05   6.065798e-07
-7.552141e-08  -6.861832e-07  -1.011550e-05  -1.577874e-07  -1.300582e-06  -1.870432e-05   1.159909e-03   3.500868e-07  -4.996555e-12
 4.405415e-08   4.002735e-07   5.900706e-06   9.204264e-08   7.586727e-07   1.091085e-05   3.500868e-07   1.160305e-03   2.914657e-12
 1.011756e-05  -5.926101e-06   3.280291e-07   1.871387e-05  -1.095662e-05   6.065798e-07  -4.996555e-12   2.914657e-12   1.159704e-03

# timestamp: 1762899128.0462644
 3.589814e-03  -2.340033e-07   3.393013e-08   7.177365e-03  -2.993349e-07   4.464773e-08   5.274198e-08  -3.076616e-08  -2.897722e-08
-2.340033e-07   3.589550e-03   5.806356e-08  -2.993807e-07   7.177027e-03   7.646041e-08   9.098132e-08  -5.307244e-08   1.917703e-08
 3.393013e-08   5.806356e-08   3.589942e-03   4.439815e-08   7.604317e-08   7.177528e-03   1.715315e-08  -1.000600e-08  -6.520422e-10
 7.177365e-03  -2.993807e-07   4.439815e-08   4.984962e-02  -1.301917e-06   1.851448e-07   9.417072e-08  -5.493292e-08  -3.423769e-08
-2.993349e-07   7.177027e-03   7.604317e-08  -1.301917e-06   4.984814e-02   3.175730e-07   1.614634e-07  -9.418698e-08   2.413346e-08
 4.464773e-08   7.646041e-08   7.177528e-03   1.851448e-07   3.175730e-07   4.985033e-02   1.314355e-08  -7.667071e-09  -5.980433e-10
 5.274198e-08   9.098132e-08   1.715315e-08   9.417072e-08   1.614634e-07   1.314355e-08   1.051701e-03   2.944455e-08   6.563031e-14
-3.076616e-08  -5.307244e-08  -1.000600e-08  -5.493292e-08  -9.418698e-08  -7.667071e-09   2.944455e-08   1.051735e-03  -3.828435e-14
-2.897722e-08   1.917703e-08  -6.520422e-10  -3.423769e-08   2.413346e-08  -5.980433e-10   6.563031e-14  -3.828435e-14   1.051684e-03

# timestamp: 1762899128.313173
 3.759738e-03  -3.847960e-07   5.822128e-08   7.399127e-03  -4.173450e-07   6.342386e-08   6.159328e-07  -3.592942e-07  -9.625247e-08
-3.847960e-07   3.759303e-03   9.980782e-08  -4.173668e-07   7.398655e-03   1.087481e-07   1.060545e-06  -6.186511e-07   8.119414e-09
 5.822128e-08   9.980782e-08   3.759947e-03   6.337838e-08   1.086752e-07   7.399354e-03  -1.255820e-07   7.325617e-08   4.301310e-09
 7.399127e-03  -4.173668e-07   6.337838e-08   4.955799e-02  -9.168073e-07   1.326217e-07   1.098627e-06  -6.408656e-07  -1.258423e-07
-4.173450e-07   7.398655e-03   1.086752e-07  -9.168073e-07   4.955696e-02   2.273805e-07   1.889125e-06  -1.101990e-06  -1.219165e-08
 6.342386e-08   1.087481e-07   7.399354e-03   1.326217e-07   2.273805e-07   4.955850e-02  -2.700494e-07   1.575288e-07   9.168316e-09
 6.159328e-07   1.060545e-06  -1.255820e-07   1.098627e-06   1.889125e-06  -2.700494e-07   2.074030e-03   1.850076e-07  -1.551797e-11
-3.592942e-07  -6.186511e-07   7.325617e-08  -6.408656e-07  -1.101990e-06   1.575288e-07   1.850076e-07   2.074239e-03   9.052148e-12
-9.625247e-08   8.119414e-09   4.301310e-09  -1.258423e-07  -1.219165e-08   9.168316e-09  -1.551797e-11   9.052148e-12   2.073921e-03

# timestamp: 1762899128.571841
 3.523325e-03  -7.097995e-07   1.048738e-07   6.906344e-03  -1.109538e-06   1.658528e-07   6.858308e-07  -4.000680e-07  -1.210157e-05
-7.097995e-07   3.522523e-03   1.796688e-07  -1.109576e-06   6.905091e-03   2.840906e-07   1.844731e-06  -1.076093e-06   7.004893e-06
 1.048738e-07   1.796688e-07   3.523713e-03   1.650887e-07   2.827888e-07   6.906950e-03   1.192873e-05  -6.958425e-06  -3.875824e-07
 6.906344e-03  -1.109576e-06   1.650887e-07   4.852795e-02  -2.281875e-06   3.406830e-07   1.267050e-06  -7.391126e-07  -2.266325e-05
-1.109538e-06   6.905091e-03   2.827888e-07  -2.281875e-06   4.852537e-02   5.835682e-07   3.425195e-06  -1.998030e-06   1.311864e-05
 1.658528e-07   2.840906e-07   6.906950e-03   3.406830e-07   5.835682e-07   4.852919e-02   2.234393e-05  -1.303396e-05  -7.259753e-07
 6.858308e-07   1.844731e-06   1.192873e-05   1.267050e-06   3.425195e-06   2.234393e-05   3.068989e-03   5.126640e-07  -2.683039e-13
-4.000680e-07  -1.076093e-06  -6.958425e-06  -7.391126e-07  -1.998030e-06  -1.303396e-05   5.126640e-07   3.069568e-03   1.565106e-13
-1.210157e-05   7.004893e-06  -3.875824e-07  -2.266325e-05   1.311864e-05  -7.259753e-07  -2.683039e-13   1.565106e-13   3.068689e-03

# timestamp: 1762899128.8334603
 3.432921e-03  -1.977933e-07   3.075358e-08   6.725319e-03  -1.511101e-07   2.515193e-08   4.247307e-07  -2.477595e-07  -5.071407e-08
-1.977933e-07   3.432698e-03   5.264117e-08  -1.511700e-07   6.725149e-03   4.302321e-08   7.206955e-07  -4.204057e-07   5.302800e-08
 3.075358e-08   5.264117e-08   3.433028e-03   2.427889e-08   4.154035e-08   6.725400e-03  -5.073259e-08   2.959401e-08   8.245678e-10
 6.725319e-03  -1.511700e-07   2.427889e-08   4.813300e-02  -5.013162e-07   7.583517e-08   7.637082e-07  -4.454965e-07  -5.973372e-08
-1.511101e-07   6.725149e-03   4.154035e-08  -5.013162e-07   4.813243e-02   1.298939e-07   1.294091e-06  -7.548862e-07   7.735397e-08
 2.515193e-08   4.302321e-08   6.725400e-03   7.583517e-08   1.298939e-07   4.813327e-02  -1.224976e-07   7.145695e-08   2.495611e-09
 4.247307e-07   7.206955e-07  -5.073259e-08   7.637082e-07   1.294091e-06  -1.224976e-07   2.163351e-03   5.826806e-07   5.369592e-12
-2.477595e-07  -4.204057e-07   2.959401e-08  -4.454965e-07  -7.548862e-07   7.145695e-08   5.826806e-07   2.164010e-03  -3.132262e-12
-5.071407e-08   5.302800e-08   8.245678e-10  -5.973372e-08   7.735397e-08   2.495611e-09   5.369592e-12  -3.132262e-12   2.163011e-03

# timestamp: 1762899129.1187923
 3.960402e-03  -1.344092e-06   1.420218e-07   7.757248e-03  -2.092784e-06   2.151904e-07   3.964890e-08  -2.312853e-08   6.370069e-06
-1.344092e-06   3.958893e-03   2.427282e-07  -2.093230e-06   7.754900e-03   3.676917e-07  -2.805811e-07   1.636723e-07  -3.759564e-06
 1.420218e-07   2.427282e-07   3.961162e-03   2.178218e-07   3.721734e-07   7.758434e-03  -6.394858e-06   3.730334e-06   2.068149e-07
 7.757248e-03  -2.093230e-06   2.178218e-07   5.012879e-02  -3.750390e-06   3.965027e-07   5.305183e-08  -3.094690e-08   1.190875e-05
-2.092784e-06   7.754900e-03   3.721734e-07  -3.750390e-06   5.012458e-02   6.775625e-07  -5.611299e-07   3.273258e-07  -7.022348e-06
 2.151904e-07   3.676917e-07   7.758434e-03   3.965027e-07   6.775625e-07   5.013091e-02  -1.194846e-05   6.969937e-06   3.864869e-07
 3.964890e-08  -2.805811e-07  -6.394858e-06   5.305183e-08  -5.611299e-07  -1.194846e-05   2.069268e-03   9.752875e-08  -4.341774e-12
-2.312853e-08   1.636723e-07   3.730334e-06  -3.094690e-08   3.273258e-07   6.969937e-06   9.752875e-08   2.069378e-03   2.532702e-12
 6.370069e-06  -3.759564e-06   2.068149e-07   1.190875e-05  -7.022348e-06   3.864869e-07  -4.341774e-12   2.532702e-12   2.069211e-03

# timestamp: 1762899129.390308
 3.749213e-03  -4.376217e-07   7.043423e-08   7.296313e-03  -3.080919e-07   5.975167e-08   5.874383e-07  -3.426723e-07  -3.983673e-08
-4.376217e-07   3.748720e-03   1.204127e-07  -3.083590e-07   7.295966e-03   1.021136e-07   9.918517e-07  -5.785802e-07   5.691355e-08
 7.043423e-08   1.204127e-07   3.749448e-03   5.789850e-08   9.897456e-08   7.296474e-03  -1.311042e-07   7.647744e-08   1.154164e-09
 7.296313e-03  -3.083590e-07   5.789850e-08   4.921549e-02  -6.909791e-07   1.101216e-07   1.032121e-06  -6.020706e-07  -4.217310e-08
-3.080919e-07   7.295966e-03   9.897456e-08  -6.909791e-07   4.921471e-02   1.883537e-07   1.741085e-06  -1.015633e-06   8.399951e-08
 5.975167e-08   1.021136e-07   7.296474e-03   1.101216e-07   1.883537e-07   4.921586e-02  -2.582281e-07   1.506331e-07   2.920610e-09
 5.874383e-07   9.918517e-07  -1.311042e-07   1.032121e-06   1.741085e-06  -2.582281e-07   2.074030e-03   1.850465e-07   1.000196e-11
-3.426723e-07  -5.785802e-07   7.647744e-08  -6.020706e-07  -1.015633e-06   1.506331e-07   1.850465e-07   2.074240e-03  -5.834477e-12
-3.983673e-08   5.691355e-08   1.154164e-09  -4.217310e-08   8.399951e-08   2.920610e-09   1.000196e-11  -5.834477e-12   2.073922e-03

# timestamp: 1762899129.6518583
 3.692249e-03  -2.824248e-07   4.572399e-08   7.247541e-03  -2.460804e-07   4.070918e-08   6.446543e-07  -3.760483e-07  -3.621973e-08
-2.824248e-07   3.691931e-03   7.818164e-08  -2.462280e-07   7.247264e-03   6.959242e-08   1.087468e-06  -6.343562e-07   6.178788e-08
 4.572399e-08   7.818164e-08   3.692401e-03   3.941231e-08   6.739840e-08   7.247674e-03  -1.476531e-07   8.613096e-08   1.335501e-09
 7.247541e-03  -2.462280e-07   3.941231e-08   4.920654e-02  -8.576602e-07   1.209016e-07   1.143644e-06  -6.671255e-07  -3.397295e-08
-2.460804e-07   7.247264e-03   6.739840e-08  -8.576602e-07   4.920557e-02   2.067889e-07   1.927496e-06  -1.124372e-06   9.215048e-08
 4.070918e-08   6.959242e-08   7.247674e-03   1.209016e-07   2.067889e-07   4.920701e-02  -2.923204e-07   1.705203e-07   3.343784e-09
 6.446543e-07   1.087468e-06  -1.476531e-07   1.143644e-06   1.927496e-06  -2.923204e-07   3.068064e-03   2.478408e-07   1.350250e-11
-3.760483e-07  -6.343562e-07   8.613096e-08  -6.671255e-07  -1.124372e-06   1.705203e-07   2.478408e-07   3.068345e-03  -7.876456e-12
-3.621973e-08   6.178788e-08   1.335501e-09  -3.397295e-08   9.215048e-08   3.343784e-09   1.350250e-11  -7.876456e-12   3.067919e-03

# timestamp: 1762899129.9043324
 3.473887e-03  -5.358541e-07   8.741168e-08   6.848399e-03  -9.479511e-07   1.567328e-07   4.227643e-07  -2.466125e-07  -3.021927e-06
-5.358541e-07   3.473287e-03   1.490836e-07  -9.482870e-07   6.847336e-03   2.672076e-07   8.811783e-07  -5.140207e-07   1.784680e-06
