# ekf covariance log started at 1767207295.237955
# timestamp: 1767207299.2708554
 1.000200e+00   0.000000e+00   0.000000e+00   1.001000e-02   0.000000e+00   0.000000e+00   0.000000e+00   0.000000e+00   0.000000e+00
 0.000000e+00   1.000200e+00   0.000000e+00   0.000000e+00   1.001000e-02   0.000000e+00   0.000000e+00   0.000000e+00   0.000000e+00
 0.000000e+00   0.000000e+00   1.000200e+00   0.000000e+00   0.000000e+00   1.001000e-02   0.000000e+00   0.000000e+00   0.000000e+00
 1.001000e-02   0.000000e+00   0.000000e+00   1.001000e+00   0.000000e+00   0.000000e+00   0.000000e+00   0.000000e+00   0.000000e+00
 0.000000e+00   1.001000e-02   0.000000e+00   0.000000e+00   1.001000e+00   0.000000e+00   0.000000e+00   0.000000e+00   0.000000e+00
 0.000000e+00   0.000000e+00   1.001000e-02   0.000000e+00   0.000000e+00   1.001000e+00   0.000000e+00   0.000000e+00   0.000000e+00
 0.000000e+00   0.000000e+00   0.000000e+00   0.000000e+00   0.000000e+00   0.000000e+00   1.001000e+00   0.000000e+00   0.000000e+00
 0.000000e+00   0.000000e+00   0.000000e+00   0.000000e+00   0.000000e+00   0.000000e+00   0.000000e+00   1.001000e+00   0.000000e+00
 0.000000e+00   0.000000e+00   0.000000e+00   0.000000e+00   0.000000e+00   0.000000e+00   0.000000e+00   0.000000e+00   1.001000e+00

# timestamp: 1767207299.2882905
 1.000601e+00   0.000000e+00   0.000000e+00   2.003000e-02   0.000000e+00   0.000000e+00   0.000000e+00   0.000000e+00   0.000000e+00
 0.000000e+00   1.000601e+00   0.000000e+00   0.000000e+00   2.003000e-02   0.000000e+00   0.000000e+00   0.000000e+00   0.000000e+00
 0.000000e+00   0.000000e+00   1.000601e+00   0.000000e+00   0.000000e+00   2.003000e-02   0.000000e+00   0.000000e+00   0.000000e+00
 2.003000e-02   0.000000e+00   0.000000e+00   1.002000e+00   0.000000e+00   0.000000e+00   0.000000e+00   0.000000e+00   0.000000e+00
 0.000000e+00   2.003000e-02   0.000000e+00   0.000000e+00   1.002000e+00   0.000000e+00   0.000000e+00   0.000000e+00   0.000000e+00
 0.000000e+00   0.000000e+00   2.003000e-02   0.000000e+00   0.000000e+00   1.002000e+00   0.000000e+00   0.000000e+00   0.000000e+00
 0.000000e+00   0.000000e+00   0.000000e+00   0.000000e+00   0.000000e+00   0.000000e+00   2.597447e-03   0.000000e+00   0.000000e+00
 0.000000e+00   0.000000e+00   0.000000e+00   0.000000e+00   0.000000e+00   0.000000e+00   0.000000e+00   2.597447e-03   0.000000e+00
 0.000000e+00   0.000000e+00   0.000000e+00   0.000000e+00   0.000000e+00   0.000000e+00   0.000000e+00   0.000000e+00   2.597447e-03

# timestamp: 1767207299.3065066
 1.002003e+00   0.000000e+00   0.000000e+00   4.010000e-02   0.000000e+00   0.000000e+00   0.000000e+00   0.000000e+00   0.000000e+00
 0.000000e+00   1.002003e+00   0.000000e+00   0.000000e+00   4.010000e-02   0.000000e+00   0.000000e+00   0.000000e+00   0.000000e+00
 0.000000e+00   0.000000e+00   1.002003e+00   0.000000e+00   0.000000e+00   4.010000e-02   0.000000e+00   0.000000e+00   0.000000e+00
 4.010000e-02   0.000000e+00   0.000000e+00   1.004000e+00   0.000000e+00   0.000000e+00   0.000000e+00   0.000000e+00   0.000000e+00
 0.000000e+00   4.010000e-02   0.000000e+00   0.000000e+00   1.004000e+00   0.000000e+00   0.000000e+00   0.000000e+00   0.000000e+00
 0.000000e+00   0.000000e+00   4.010000e-02   0.000000e+00   0.000000e+00   1.004000e+00   0.000000e+00   0.000000e+00   0.000000e+00
 0.000000e+00   0.000000e+00   0.000000e+00   0.000000e+00   0.000000e+00   0.000000e+00   1.186927e-03   0.000000e+00   0.000000e+00
 0.000000e+00   0.000000e+00   0.000000e+00   0.000000e+00   0.000000e+00   0.000000e+00   0.000000e+00   1.186927e-03   0.000000e+00
 0.000000e+00   0.000000e+00   0.000000e+00   0.000000e+00   0.000000e+00   0.000000e+00   0.000000e+00   0.000000e+00   1.186927e-03

# timestamp: 1767207299.3231812
 1.004209e+00   0.000000e+00   0.000000e+00   6.021000e-02   0.000000e+00   0.000000e+00   0.000000e+00   0.000000e+00   0.000000e+00
 0.000000e+00   1.004209e+00   0.000000e+00   0.000000e+00   6.021000e-02   0.000000e+00   0.000000e+00   0.000000e+00   0.000000e+00
 0.000000e+00   0.000000e+00   1.004209e+00   0.000000e+00   0.000000e+00   6.021000e-02   0.000000e+00   0.000000e+00   0.000000e+00
 6.021000e-02   0.000000e+00   0.000000e+00   1.006000e+00   0.000000e+00   0.000000e+00   0.000000e+00   0.000000e+00   0.000000e+00
 0.000000e+00   6.021000e-02   0.000000e+00   0.000000e+00   1.006000e+00   0.000000e+00   0.000000e+00   0.000000e+00   0.000000e+00
 0.000000e+00   0.000000e+00   6.021000e-02   0.000000e+00   0.000000e+00   1.006000e+00   0.000000e+00   0.000000e+00   0.000000e+00
 0.000000e+00   0.000000e+00   0.000000e+00   0.000000e+00   0.000000e+00   0.000000e+00   3.186927e-03   0.000000e+00   0.000000e+00
 0.000000e+00   0.000000e+00   0.000000e+00   0.000000e+00   0.000000e+00   0.000000e+00   0.000000e+00   3.186927e-03   0.000000e+00
 0.000000e+00   0.000000e+00   0.000000e+00   0.000000e+00   0.000000e+00   0.000000e+00   0.000000e+00   0.000000e+00   3.186927e-03

# timestamp: 1767207299.3434188
 1.007220e+00   0.000000e+00   0.000000e+00   8.036000e-02   0.000000e+00   0.000000e+00   0.000000e+00   0.000000e+00   0.000000e+00
 0.000000e+00   1.007220e+00   0.000000e+00   0.000000e+00   8.036000e-02   0.000000e+00   0.000000e+00   0.000000e+00   0.000000e+00
 0.000000e+00   0.000000e+00   1.007220e+00   0.000000e+00   0.000000e+00   8.036000e-02   0.000000e+00   0.000000e+00   0.000000e+00
 8.036000e-02   0.000000e+00   0.000000e+00   1.008000e+00   0.000000e+00   0.000000e+00   0.000000e+00   0.000000e+00   0.000000e+00
 0.000000e+00   8.036000e-02   0.000000e+00   0.000000e+00   1.008000e+00   0.000000e+00   0.000000e+00   0.000000e+00   0.000000e+00
 0.000000e+00   0.000000e+00   8.036000e-02   0.000000e+00   0.000000e+00   1.008000e+00   0.000000e+00   0.000000e+00   0.000000e+00
 0.000000e+00   0.000000e+00   0.000000e+00   0.000000e+00   0.000000e+00   0.000000e+00   1.222804e-03   0.000000e+00   0.000000e+00
 0.000000e+00   0.000000e+00   0.000000e+00   0.000000e+00   0.000000e+00   0.000000e+00   0.000000e+00   1.222804e-03   0.000000e+00
 0.000000e+00   0.000000e+00   0.000000e+00   0.000000e+00   0.000000e+00   0.000000e+00   0.000000e+00   0.000000e+00   1.222804e-03

# timestamp: 1767207299.359802
 1.009029e+00   0.000000e+00   0.000000e+00   9.045000e-02   0.000000e+00   0.000000e+00   0.000000e+00   0.000000e+00   0.000000e+00
 0.000000e+00   1.009029e+00   0.000000e+00   0.000000e+00   9.045000e-02   0.000000e+00   0.000000e+00   0.000000e+00   0.000000e+00
 0.000000e+00   0.000000e+00   1.009029e+00   0.000000e+00   0.000000e+00   9.045000e-02   0.000000e+00   0.000000e+00   0.000000e+00
 9.045000e-02   0.000000e+00   0.000000e+00   1.009000e+00   0.000000e+00   0.000000e+00   0.000000e+00   0.000000e+00   0.000000e+00
 0.000000e+00   9.045000e-02   0.000000e+00   0.000000e+00   1.009000e+00   0.000000e+00   0.000000e+00   0.000000e+00   0.000000e+00
 0.000000e+00   0.000000e+00   9.045000e-02   0.000000e+00   0.000000e+00   1.009000e+00   0.000000e+00   0.000000e+00   0.000000e+00
 0.000000e+00   0.000000e+00   0.000000e+00   0.000000e+00   0.000000e+00   0.000000e+00   9.303345e-04   0.000000e+00   0.000000e+00
 0.000000e+00   0.000000e+00   0.000000e+00   0.000000e+00   0.000000e+00   0.000000e+00   0.000000e+00   9.303345e-04   0.000000e+00
 0.000000e+00   0.000000e+00   0.000000e+00   0.000000e+00   0.000000e+00   0.000000e+00   0.000000e+00   0.000000e+00   9.303345e-04

# timestamp: 1767207299.390239
 1.058101e-02   3.953875e-05  -3.401535e-06   2.109596e-02   4.308728e-06  -3.706817e-07   3.601193e-06   4.013568e-06  -3.218571e-04
 3.953875e-05   1.059044e-02   3.020055e-06   4.308728e-06   2.109699e-02   3.291100e-07   3.171907e-05   3.535125e-05  -3.591546e-04
-3.401535e-06   3.020055e-06   1.062528e-02  -3.706817e-07   3.291100e-07   2.110079e-02   3.215490e-04   3.583698e-04   3.903330e-05
 2.109596e-02   4.308728e-06  -3.706817e-07   1.001033e+00   4.695430e-07  -4.039497e-08   3.924394e-07   4.373779e-07  -3.507433e-05
 4.308728e-06   2.109699e-02   3.291100e-07   4.695430e-07   1.001033e+00   3.586471e-08   3.456581e-06   3.852396e-06  -3.913881e-05
-3.706817e-07   3.291100e-07   2.110079e-02  -4.039497e-08   3.586471e-08   1.001034e+00   3.504075e-05   3.905329e-05   4.253647e-06
 3.601193e-06   3.171907e-05   3.215490e-04   3.924394e-07   3.456581e-06   3.504075e-05   4.930231e-03  -1.154850e-07   1.072851e-24
 4.013568e-06   3.535125e-05   3.583698e-04   4.373779e-07   3.852396e-06   3.905329e-05  -1.154850e-07   4.930206e-03  -4.057685e-24
-3.218571e-04  -3.591546e-04   3.903330e-05  -3.507433e-05  -3.913881e-05   4.253647e-06   1.889772e-24  -3.269442e-24   4.930102e-03

# timestamp: 1767207299.416065
 1.201356e-02   2.607040e-05  -2.242847e-06   4.114530e-02   2.834839e-06  -2.438824e-07   6.769516e-07   7.544698e-07  -6.050265e-05
 2.607040e-05   1.201978e-02   1.991314e-06   2.834839e-06   4.114597e-02   2.165312e-07   5.962546e-06   6.645322e-06  -6.751382e-05
-2.242847e-06   1.991314e-06   1.204275e-02  -2.438824e-07   2.165312e-07   4.114847e-02   6.044473e-05   6.736630e-05   7.337473e-06
 4.114530e-02   2.834839e-06  -2.438824e-07   1.003033e+00   3.082543e-07  -2.651924e-08   7.361025e-08   8.203941e-08  -6.578927e-06
 2.834839e-06   4.114597e-02   2.165312e-07   3.082543e-07   1.003033e+00   2.354513e-08   6.483544e-07   7.225979e-07  -7.341307e-06
-2.438824e-07   2.165312e-07   4.114847e-02  -2.651924e-08   2.354513e-08   1.003033e+00   6.572630e-06   7.325266e-06   7.978610e-07
 6.769516e-07   5.962546e-06   6.044473e-05   7.361025e-08   6.483544e-07   6.572630e-06   1.299891e-03  -4.062987e-09   3.774350e-26
 7.544698e-07   6.645322e-06   6.736630e-05   8.203941e-08   7.225979e-07   7.325266e-06  -4.062987e-09   1.299890e-03  -1.427588e-25
-6.050265e-05  -6.751382e-05   7.337473e-06  -6.578927e-06  -7.341307e-06   7.978610e-07   6.648509e-26  -1.150261e-25   1.299886e-03

# timestamp: 1767207299.4353395
 1.426033e-02   2.534479e-05  -2.180423e-06   6.123587e-02   2.749957e-06  -2.365799e-07   2.215313e-07   2.468990e-07  -1.979939e-05
 2.534479e-05   1.426638e-02   1.935890e-06   2.749957e-06   6.123653e-02   2.100477e-07   1.951233e-06   2.174670e-06  -2.209378e-05
-2.180423e-06   1.935890e-06   1.428871e-02  -2.365799e-07   2.100477e-07   6.123895e-02   1.978044e-05   2.204551e-05   2.401176e-06
 6.123587e-02   2.749957e-06  -2.365799e-07   1.005033e+00   2.983755e-07  -2.566937e-08   2.403656e-08   2.678900e-08  -2.148271e-06
 2.749957e-06   6.123653e-02   2.100477e-07   2.983755e-07   1.005033e+00   2.279057e-08   2.117125e-07   2.359558e-07  -2.397217e-06
-2.365799e-07   2.100477e-07   6.123895e-02  -2.566937e-08   2.279057e-08   1.005033e+00   2.146215e-06   2.391979e-06   2.605321e-07
 2.215313e-07   1.951233e-06   1.978044e-05   2.403656e-08   2.117125e-07   2.146215e-06   1.077539e-03  -4.332241e-10   4.024467e-27
 2.468990e-07   2.174670e-06   2.204551e-05   2.678900e-08   2.359558e-07   2.391979e-06  -4.332241e-10   1.077539e-03  -1.522196e-26
-1.979939e-05  -2.209378e-05   2.401176e-06  -2.148271e-06  -2.397217e-06   2.605321e-07   7.089101e-27  -1.226490e-26   1.077539e-03

# timestamp: 1767207299.8413723
 9.462210e-03   1.478807e-05  -1.263614e-06   2.550333e-02   4.060742e-05  -3.473303e-06   6.194523e-07   6.903862e-07  -5.250729e-05
 1.478807e-05   9.465388e-03   1.135137e-06   4.060804e-05   2.551219e-02   3.115004e-06   5.132995e-06   5.720778e-06  -5.780037e-05
-1.263614e-06   1.135137e-06   9.478575e-03  -3.473276e-06   3.115041e-06   2.554834e-02   5.206521e-05   5.802723e-05   6.323124e-06
 2.550333e-02   4.060804e-05  -3.473276e-06   1.284105e-01   1.667219e-04  -1.429248e-05   1.543144e-06   1.719850e-06  -1.308009e-04
 4.060742e-05   2.551219e-02   3.115041e-06   1.667219e-04   1.284482e-01   1.276926e-05   1.278679e-05   1.425101e-05  -1.439858e-04
-3.473303e-06   3.115004e-06   2.554834e-02  -1.429248e-05   1.276926e-05   1.285960e-01   1.296993e-04   1.445513e-04   1.575152e-05
 6.194523e-07   5.132995e-06   5.206521e-05   1.543144e-06   1.278679e-05   1.296993e-04   4.160360e-03  -1.653016e-07   1.077807e-15
 6.903862e-07   5.720778e-06   5.802723e-05   1.719850e-06   1.425101e-05   1.445513e-04  -1.653016e-07   4.160324e-03   1.201227e-15
-5.250729e-05  -5.780037e-05   6.323124e-06  -1.308009e-04  -1.439858e-04   1.575152e-05   1.077807e-15   1.201227e-15   4.160176e-03

# timestamp: 1767207299.8648262
 1.073368e-02   1.589701e-05  -1.358573e-06   2.810029e-02   4.256071e-05  -3.641246e-06   1.806376e-07   2.013225e-07  -1.531156e-05
 1.589701e-05   1.073710e-02   1.220124e-06   4.256133e-05   2.810961e-02   3.264272e-06   1.496824e-06   1.668226e-06  -1.685506e-05
-1.358573e-06   1.220124e-06   1.075128e-02  -3.641220e-06   3.264308e-06   2.814748e-02   1.518265e-05   1.692122e-05   1.843876e-06
 2.810029e-02   4.256133e-05  -3.641220e-06   1.304075e-01   1.634446e-04  -1.401270e-05   4.286380e-07   4.777216e-07  -3.633248e-05
 4.256071e-05   2.810961e-02   3.264308e-06   1.634446e-04   1.304445e-01   1.251745e-05   3.551776e-06   3.958493e-06  -3.999485e-05
-3.641246e-06   3.264272e-06   2.814748e-02  -1.401270e-05   1.251745e-05   1.305894e-01   3.602649e-05   4.015191e-05   4.375288e-06
 1.806376e-07   1.496824e-06   1.518265e-05   4.286380e-07   3.551776e-06   3.602649e-05   3.155583e-03  -1.275324e-08   8.315905e-17
 2.013225e-07   1.668226e-06   1.692122e-05   4.777216e-07   3.958493e-06   4.015191e-05  -1.275324e-08   3.155581e-03   9.268165e-17
-1.531156e-05  -1.685506e-05   1.843876e-06  -3.633248e-05  -3.999485e-05   4.375288e-06   8.315905e-17   9.268165e-17   3.155569e-03

# timestamp: 1767207299.8841634
 1.211032e-02   1.762282e-05  -1.506241e-06   3.073835e-02   4.573443e-05  -3.913375e-06   4.481289e-08   4.994444e-08  -3.798517e-06
 1.762282e-05   1.211412e-02   1.352474e-06   4.573504e-05   3.074839e-02   3.507308e-06   3.713344e-07   4.138562e-07  -4.181430e-06
-1.506241e-06   1.352474e-06   1.212983e-02  -3.913349e-06   3.507344e-06   3.078908e-02   3.766534e-06   4.197842e-06   4.574315e-07
 3.073835e-02   4.573504e-05  -3.913349e-06   1.324073e-01   1.632290e-04  -1.399430e-05   1.015193e-07   1.131444e-07  -8.605043e-06
 4.573443e-05   3.074839e-02   3.507344e-06   1.632290e-04   1.324443e-01   1.250089e-05   8.412085e-07   9.375359e-07  -9.472445e-06
-3.913375e-06   3.507308e-06   3.078908e-02  -1.399430e-05   1.250089e-05   1.325890e-01   8.532572e-06   9.509643e-06   1.036250e-06
 4.481289e-08   3.713344e-07   3.766534e-06   1.015193e-07   8.412085e-07   8.532572e-06   1.221054e-03  -7.153768e-10   4.664720e-18
 4.994444e-08   4.138562e-07   4.197842e-06   1.131444e-07   9.375359e-07   9.509643e-06  -7.153768e-10   1.221054e-03   5.198880e-18
-3.798517e-06  -4.181430e-06   4.574315e-07  -8.605043e-06  -9.472445e-06   1.036250e-06   4.664720e-18   5.198880e-18   1.221053e-03

# timestamp: 1767207299.9020593
 5.774953e-03   1.837734e-05  -1.570664e-06   1.419652e-02   4.552873e-05  -3.893247e-06   2.427111e-06   2.705041e-06  -2.076929e-04
 1.837734e-05   5.778934e-03   1.409734e-06   4.552862e-05   1.420646e-02   3.491319e-06   2.033242e-05   2.266070e-05  -2.292742e-04
-1.570664e-06   1.409734e-06   5.795308e-03  -3.893241e-06   3.491324e-06   1.424699e-02   2.062628e-04   2.298821e-04   2.504471e-05
 1.419652e-02   4.552862e-05  -3.893241e-06   8.715860e-02   1.530554e-04  -1.310977e-05   5.953120e-06   6.634816e-06  -5.094378e-04
 4.552873e-05   1.420646e-02   3.491324e-06   1.530554e-04   8.719285e-02   1.172497e-05   4.987258e-05   5.558352e-05  -5.623797e-04
-3.893247e-06   3.491319e-06   1.424699e-02  -1.310977e-05   1.172497e-05   8.732873e-02   5.059331e-04   5.638679e-04   6.143118e-05
 2.427111e-06   2.033242e-05   2.062628e-04   5.953120e-06   4.987258e-05   5.059331e-04   3.215768e-03  -5.892667e-06   1.714764e-14
 2.705041e-06   2.266070e-05   2.298821e-04   6.634816e-06   5.558352e-05   5.638679e-04  -5.892667e-06   3.214487e-03   1.911123e-14
-2.076929e-04  -2.292742e-04   2.504471e-05  -5.094378e-04  -5.623797e-04   6.143118e-05   1.714764e-14   1.911123e-14   3.209200e-03

# timestamp: 1767207299.9228854
 6.570002e-03   1.121766e-05  -9.588658e-07   1.595058e-02   2.744803e-05  -2.348580e-06   7.012803e-07   7.815843e-07  -6.001010e-05
 1.121766e-05   6.572435e-03   8.605200e-07   2.744817e-05   1.595662e-02   2.104179e-06   5.874783e-06   6.547509e-06  -6.624575e-05
-9.588658e-07   8.605200e-07   6.582429e-03  -2.348572e-06   2.104188e-06   1.598103e-02   5.959690e-05   6.642139e-05   7.236338e-06
 1.595058e-02   2.744817e-05  -2.348572e-06   8.911391e-02   1.036229e-04  -8.885037e-06   1.639639e-06   1.827395e-06  -1.403120e-04
 2.744803e-05   1.595662e-02   2.104188e-06   1.036229e-04   8.913744e-02   7.933345e-06   1.373616e-05   1.530910e-05  -1.548935e-04
-2.348580e-06   2.104179e-06   1.598103e-02  -8.885037e-06   7.933345e-06   8.922929e-02   1.393467e-04   1.553034e-04   1.691970e-05
 7.012803e-07   5.874783e-06   5.959690e-05   1.639639e-06   1.373616e-05   1.393467e-04   2.159817e-03  -4.461017e-07   1.300804e-15
 7.815843e-07   6.547509e-06   6.642139e-05   1.827395e-06   1.530910e-05   1.553034e-04  -4.461017e-07   2.159720e-03   1.449760e-15
-6.001010e-05  -6.624575e-05   7.236338e-06  -1.403120e-04  -1.548935e-04   1.691970e-05   1.300804e-15   1.449760e-15   2.159320e-03

# timestamp: 1767207299.943448
 7.443342e-03   1.143967e-05  -9.779609e-07   1.776100e-02   2.747137e-05  -2.351154e-06   2.467825e-07   2.750417e-07  -2.111776e-05
 1.143967e-05   7.445827e-03   8.774956e-07   2.747152e-05   1.776707e-02   2.105672e-06   2.067356e-06   2.304091e-06  -2.331211e-05
-9.779609e-07   8.774956e-07   7.456016e-03  -2.351146e-06   2.105681e-06   1.779150e-02   2.097235e-05   2.337391e-05   2.546492e-06
 1.776100e-02   2.747152e-05  -2.351146e-06   9.110978e-02   9.904583e-05  -8.493856e-06   5.512180e-07   6.143384e-07  -4.717043e-05
 2.747137e-05   1.776707e-02   2.105681e-06   9.904583e-05   9.113231e-02   7.582266e-06   4.617858e-06   5.146652e-06  -5.207250e-05
-2.351154e-06   2.105672e-06   1.779150e-02  -8.493856e-06   7.582266e-06   9.122008e-02   4.684593e-05   5.221029e-05   5.688105e-06
 2.467825e-07   2.067356e-06   2.097235e-05   5.512180e-07   4.617858e-06   4.684593e-05   2.062164e-03  -5.040832e-08   1.470151e-16
 2.750417e-07   2.304091e-06   2.337391e-05   6.143384e-07   5.146652e-06   5.221029e-05  -5.040832e-08   2.062153e-03   1.638499e-16
-2.111776e-05  -2.331211e-05   2.546492e-06  -4.717043e-05  -5.207250e-05   5.688105e-06   1.470151e-16   1.638499e-16   2.062108e-03

# timestamp: 1767207300.647281
 8.416637e-03   1.925780e-05  -1.653391e-06   1.336969e-02   2.360477e-05  -2.026481e-06   2.467030e-07   2.749531e-07  -2.165287e-05
 1.925780e-05   8.421072e-03   1.473943e-06   2.360478e-05   1.337511e-02   1.807185e-06   2.128809e-06   2.372581e-06  -2.405019e-05
-1.653391e-06   1.473943e-06   8.438113e-03  -2.026482e-06   1.807186e-06   1.339601e-02   2.157663e-05   2.404738e-05   2.620432e-06
 1.336969e-02   2.360478e-05  -2.026482e-06   5.979720e-02   3.613269e-05  -3.101235e-06   3.488404e-07   3.887864e-07  -3.061726e-05
 2.360477e-05   1.337511e-02   1.807186e-06   3.613269e-05   5.980546e-02   2.766695e-06   3.010141e-06   3.354834e-06  -3.400697e-05
-2.026481e-06   1.807185e-06   1.339601e-02  -3.101235e-06   2.766695e-06   5.983746e-02   3.050940e-05   3.400306e-05   3.705294e-06
 2.467030e-07   2.128809e-06   2.157663e-05   3.488404e-07   3.010141e-06   3.050940e-05   2.082076e-03  -3.820292e-08   1.854973e-17
 2.749531e-07   2.372581e-06   2.404738e-05   3.887864e-07   3.354834e-06   3.400306e-05  -3.820292e-08   2.082068e-03   2.067387e-17
-2.165287e-05  -2.405019e-05   2.620432e-06  -3.061726e-05  -3.400697e-05   3.705294e-06   1.854973e-17   2.067387e-17   2.082034e-03

# timestamp: 1767207301.0224512
 8.120361e-03   9.671942e-06  -8.301475e-07   1.351539e-02   1.065422e-05  -9.143570e-07   9.738238e-08   1.085337e-07  -8.533037e-06
 9.671942e-06   8.122562e-03   7.410589e-07   1.065425e-05   1.351781e-02   8.164871e-07   8.384718e-07   9.344858e-07  -9.468401e-06
-8.301475e-07   7.410589e-07   8.131132e-03  -9.143581e-07   8.164875e-07   1.352726e-02   8.498335e-06   9.471485e-06   1.031962e-06
 1.351539e-02   1.065425e-05  -9.143581e-07   6.114775e-02   1.935059e-05  -1.660684e-06   1.352540e-07   1.507420e-07  -1.185147e-05
 1.065422e-05   1.351781e-02   8.164875e-07   1.935059e-05   6.115217e-02   1.482099e-06   1.164546e-06   1.297899e-06  -1.315057e-05
-9.143570e-07   8.164871e-07   1.352726e-02  -1.660684e-06   1.482099e-06   6.116931e-02   1.180326e-05   1.315486e-05   1.433282e-06
 9.738238e-08   8.384718e-07   8.498335e-06   1.352540e-07   1.164546e-06   1.180326e-05   3.270260e-03  -1.049208e-08   4.457998e-19
 1.085337e-07   9.344858e-07   9.471485e-06   1.507420e-07   1.297899e-06   1.315486e-05  -1.049208e-08   3.270257e-03   4.968487e-19
-8.533037e-06  -9.468401e-06   1.031962e-06  -1.185147e-05  -1.315057e-05   1.433282e-06   4.457998e-19   4.968487e-19   3.270248e-03

# timestamp: 1767207301.0395284
 4.596797e-03   6.391534e-06  -5.503849e-07   7.647986e-03   7.566601e-06  -6.523428e-07   6.596973e-07   7.352397e-07  -6.020401e-05
 6.391534e-06   4.598329e-03   4.883639e-07   7.566113e-06   7.649833e-03   5.775801e-07   5.956431e-06   6.638506e-06  -6.755468e-05
-5.503849e-07   4.883639e-07   4.603959e-03  -6.523556e-07   5.775645e-07   7.656482e-03   6.033229e-05   6.724098e-05   7.327776e-06
 7.647986e-03   7.566113e-06  -6.523556e-07   5.135167e-02   1.810593e-05  -1.558949e-06   1.089198e-06   1.213923e-06  -9.943074e-05
 7.566601e-06   7.649833e-03   5.775645e-07   1.810593e-05   5.135603e-02   1.382771e-06   9.837958e-06   1.096451e-05  -1.115804e-04
-6.523428e-07   5.775801e-07   7.656482e-03  -1.558949e-06   1.382771e-06   5.137197e-02   9.964734e-05   1.110580e-04   1.210292e-05
 6.596973e-07   5.956431e-06   6.033229e-05   1.089198e-06   9.837958e-06   9.964734e-05   1.163034e-03  -9.700828e-07   6.508256e-14
 7.352397e-07   6.638506e-06   6.724098e-05   1.213923e-06   1.096451e-05   1.110580e-04  -9.700828e-07   1.162823e-03   7.253521e-14
-6.020401e-05  -6.755468e-05   7.327776e-06  -9.943074e-05  -1.115804e-04   1.210292e-05   6.508256e-14   7.253521e-14   1.161953e-03

# timestamp: 1767207301.054389
 5.123757e-03   6.701431e-06  -5.771025e-07   8.705020e-03   7.928720e-06  -6.835218e-07   6.814813e-07   7.595181e-07  -6.219262e-05
 6.701431e-06   5.125365e-03   5.120199e-07   7.928232e-06   8.706954e-03   6.052355e-07   6.153190e-06   6.857796e-06  -6.978628e-05
-5.771025e-07   5.120199e-07   5.131267e-03  -6.835345e-07   6.052199e-07   8.713922e-03   6.232524e-05   6.946214e-05   7.569834e-06
 8.705020e-03   7.928232e-06  -6.835345e-07   5.335167e-02   1.810593e-05  -1.558949e-06   1.089198e-06   1.213923e-06  -9.943074e-05
 7.928720e-06   8.706954e-03   6.052199e-07   1.810593e-05   5.335603e-02   1.382771e-06   9.837958e-06   1.096451e-05  -1.115804e-04
-6.835218e-07   6.052355e-07   8.713922e-03  -1.558949e-06   1.382771e-06   5.337197e-02   9.964734e-05   1.110580e-04   1.210292e-05
 6.814813e-07   6.153190e-06   6.232524e-05   1.089198e-06   9.837958e-06   9.964734e-05   3.163034e-03  -9.700828e-07   6.508256e-14
 7.595181e-07   6.857796e-06   6.946214e-05   1.213923e-06   1.096451e-05   1.110580e-04  -9.700828e-07   3.162823e-03   7.253521e-14
-6.219262e-05  -6.978628e-05   7.569834e-06  -9.943074e-05  -1.115804e-04   1.210292e-05   6.508256e-14   7.253521e-14   3.161953e-03

# timestamp: 1767207301.0699162
 5.692934e-03   6.053058e-06  -5.210766e-07   9.800713e-03   6.783709e-06  -5.845746e-07   2.362947e-07   2.633530e-07  -2.156468e-05
 6.053058e-06   5.694377e-03   4.626256e-07   6.783343e-06   9.802357e-03   5.180019e-07   2.133562e-06   2.377877e-06  -2.419777e-05
-5.210766e-07   4.626256e-07   5.699712e-03  -5.845844e-07   5.179901e-07   9.808324e-03   2.161069e-05   2.408535e-05   2.624770e-06
 9.800713e-03   6.783343e-06  -5.845844e-07   5.534960e-02   1.577106e-05  -1.357341e-06   3.659670e-07   4.078742e-07  -3.340839e-05
 6.783709e-06   9.802357e-03   5.179901e-07   1.577106e-05   5.535337e-02   1.204782e-06   3.305521e-06   3.684038e-06  -3.749063e-05
-5.845746e-07   5.180019e-07   9.808324e-03  -1.357341e-06   1.204782e-06   5.536726e-02   3.348117e-05   3.731512e-05   4.066539e-06
 2.362947e-07   2.133562e-06   2.161069e-05   3.659670e-07   3.305521e-06   3.348117e-05   3.062527e-03  -1.094714e-07   7.347414e-15
 2.633530e-07   2.377877e-06   2.408535e-05   4.078742e-07   3.684038e-06   3.731512e-05  -1.094714e-07   3.062504e-03   8.188771e-15
-2.156468e-05  -2.419777e-05   2.624770e-06  -3.340839e-05  -3.749063e-05   4.066539e-06   7.347414e-15   8.188771e-15   3.062405e-03

# timestamp: 1767207301.085171
 5.994480e-03   6.074640e-06  -5.229171e-07   1.036405e-02   6.764949e-06  -5.829114e-07   8.234528e-08   9.177469e-08  -7.515010e-06
 6.074640e-06   5.995928e-03   4.642884e-07   6.764597e-06   1.036569e-02   5.165973e-07   7.435190e-07   8.286598e-07  -8.432617e-06
-5.229171e-07   4.642884e-07   6.001282e-03  -5.829209e-07   5.165860e-07   1.037164e-02   7.531050e-06   8.393435e-06   9.146987e-07
 1.036405e-02   6.764597e-06  -5.829209e-07   5.634936e-02   1.550184e-05  -1.334095e-06   1.255891e-07   1.399704e-07  -1.146477e-05
 6.764949e-06   1.036569e-02   5.165860e-07   1.550184e-05   5.635306e-02   1.184259e-06   1.134357e-06   1.264253e-06  -1.286568e-05
-5.829114e-07   5.165973e-07   1.037164e-02  -1.334095e-06   1.184259e-06   5.636672e-02   1.148975e-05   1.280545e-05   1.395516e-06
 8.234528e-08   7.435190e-07   7.531050e-06   1.255891e-07   1.134357e-06   1.148975e-05   2.050942e-03  -1.289140e-08   8.652755e-16
 9.177469e-08   8.286598e-07   8.393435e-06   1.399704e-07   1.264253e-06   1.280545e-05  -1.289140e-08   2.050939e-03   9.643588e-16
-7.515010e-06  -8.432617e-06   9.146987e-07  -1.146477e-05  -1.286568e-05   1.395516e-06   8.652755e-16   9.643588e-16   2.050927e-03

# timestamp: 1767207301.0996828
 6.307483e-03   6.197411e-06  -5.334935e-07   1.093753e-02   6.898816e-06  -5.944262e-07   2.876026e-08   3.205362e-08  -2.624735e-06
 6.197411e-06   6.308961e-03   4.736657e-07   6.898465e-06   1.093920e-02   5.268275e-07   2.596859e-07   2.894227e-07  -2.945227e-06
-5.334935e-07   4.736657e-07   6.314423e-03  -5.944356e-07   5.268163e-07   1.094527e-02   2.630339e-06   2.931541e-06   3.194731e-07
 1.093753e-02   6.898465e-06  -5.944356e-07   5.734933e-02   1.547005e-05  -1.331350e-06   4.320483e-08   4.815225e-08  -3.944082e-06
 6.898816e-06   1.093920e-02   5.268163e-07   1.547005e-05   5.735302e-02   1.181836e-06   3.902386e-07   4.349251e-07  -4.426017e-06
-5.944262e-07   5.268275e-07   1.094527e-02  -1.331350e-06   1.181836e-06   5.736665e-02   3.952674e-06   4.405298e-06   4.800819e-07
 2.876026e-08   2.596859e-07   2.630339e-06   4.320483e-08   3.902386e-07   3.952674e-06   1.049574e-03  -1.525663e-09   1.024036e-16
 3.205362e-08   2.894227e-07   2.931541e-06   4.815225e-08   4.349251e-07   4.405298e-06  -1.525663e-09   1.049573e-03   1.141299e-16
-2.624735e-06  -2.945227e-06   3.194731e-07  -3.944082e-06  -4.426017e-06   4.800819e-07   1.024036e-16   1.141299e-16   1.049572e-03

# timestamp: 1767207301.1145003
 6.968424e-03   6.479545e-06  -5.578033e-07   1.211451e-02   7.208217e-06  -6.210532e-07   2.962436e-08   3.301666e-08  -2.703617e-06
 6.479545e-06   6.969970e-03   4.952113e-07   7.207867e-06   1.211626e-02   5.504642e-07   2.674906e-07   2.981212e-07  -3.033748e-06
-5.578033e-07   4.952113e-07   6.975680e-03  -6.210626e-07   5.504530e-07   1.212260e-02   2.709393e-06   3.019647e-06   3.290747e-07
 1.211451e-02   7.207867e-06  -6.210626e-07   5.934933e-02   1.547005e-05  -1.331350e-06   4.320483e-08   4.815225e-08  -3.944082e-06
 7.208217e-06   1.211626e-02   5.504530e-07   1.547005e-05   5.935302e-02   1.181836e-06   3.902386e-07   4.349251e-07  -4.426017e-06
-6.210532e-07   5.504642e-07   1.212260e-02  -1.331350e-06   1.181836e-06   5.936665e-02   3.952674e-06   4.405298e-06   4.800819e-07
 2.962436e-08   2.674906e-07   2.709393e-06   4.320483e-08   3.902386e-07   3.952674e-06   3.049574e-03  -1.525663e-09   1.024036e-16
 3.301666e-08   2.981212e-07   3.019647e-06   4.815225e-08   4.349251e-07   4.405298e-06  -1.525663e-09   3.049573e-03   1.141299e-16
-2.703617e-06  -3.033748e-06   3.290747e-07  -3.944082e-06  -4.426017e-06   4.800819e-07   1.024036e-16   1.141299e-16   3.049572e-03

# timestamp: 1767207301.1315398
 7.677243e-03   6.772182e-06  -5.830165e-07   1.333150e-02   7.514964e-06  -6.474510e-07   1.049162e-08   1.169302e-08  -9.575069e-07
 6.772182e-06   7.678860e-03   5.175596e-07   7.514613e-06   1.333331e-02   5.738986e-07   9.473402e-08   1.055821e-07  -1.074428e-06
-5.830165e-07   5.175596e-07   7.684827e-03  -6.474604e-07   5.738874e-07   1.333993e-02   9.595536e-07   1.069433e-06   1.165445e-07
 1.333150e-02   7.514613e-06  -6.474604e-07   6.134933e-02   1.546629e-05  -1.331025e-06   1.486755e-08   1.657004e-08  -1.357228e-06
 7.514964e-06   1.333331e-02   5.738874e-07   1.546629e-05   6.135302e-02   1.181550e-06   1.342880e-07   1.496654e-07  -1.523071e-06
-6.474510e-07   5.738986e-07   1.333993e-02  -1.331025e-06   1.181550e-06   6.136665e-02   1.360185e-06   1.515941e-06   1.652047e-07
 1.049162e-08   9.473402e-08   9.595536e-07   1.486755e-08   1.342880e-07   1.360185e-06   3.049412e-03  -1.806642e-10   1.212633e-17
 1.169302e-08   1.055821e-07   1.069433e-06   1.657004e-08   1.496654e-07   1.515941e-06  -1.806642e-10   3.049412e-03   1.351492e-17
-9.575069e-07  -1.074428e-06   1.165445e-07  -1.357228e-06  -1.523071e-06   1.652047e-07   1.212633e-17   1.351492e-17   3.049412e-03

# timestamp: 1767207301.1469746
 4.601579e-03   5.018885e-06  -4.329362e-07   8.068843e-03   6.254314e-06  -5.401548e-07   5.595296e-07   6.236017e-07  -5.126328e-05
 5.018885e-06   4.602815e-03   3.828948e-07   6.254084e-06   8.070413e-03   4.766054e-07   5.075577e-06   5.656785e-06  -5.758962e-05
-4.329362e-07   3.828948e-07   4.607221e-03  -5.401593e-07   4.765997e-07   8.075890e-03   5.140601e-05   5.729255e-05   6.244092e-06
 8.068843e-03   6.254084e-06  -5.401593e-07   5.230251e-02   1.618514e-05  -1.394631e-06   9.535566e-07   1.062749e-06  -8.736505e-05
 6.254314e-06   8.070413e-03   4.765997e-07   1.618514e-05   5.230645e-02   1.235185e-06   8.650064e-06   9.640589e-06  -9.814742e-05
-5.401548e-07   4.766054e-07   8.075890e-03  -1.394631e-06   1.235185e-06   5.232068e-02   8.760868e-05   9.764080e-05   1.064151e-05
 5.595296e-07   5.075577e-06   5.140601e-05   9.535566e-07   8.650064e-06   8.760868e-05   2.048629e-03  -8.507635e-07   1.547446e-15
 6.236017e-07   5.656785e-06   5.729255e-05   1.062749e-06   9.640589e-06   9.764080e-05  -8.507635e-07   2.048445e-03   1.724645e-15
-5.126328e-05  -5.758962e-05   6.244092e-06  -8.736505e-05  -9.814742e-05   1.064151e-05   1.547446e-15   1.724645e-15   2.047681e-03

# timestamp: 1767207301.1636422
 5.145149e-03   4.594816e-06  -3.962919e-07   9.143897e-03   5.456151e-06  -4.711263e-07   1.991877e-07   2.219969e-07  -1.824930e-05
 4.594816e-06   5.146278e-03   3.505905e-07   5.455929e-06   9.145263e-03   4.158362e-07   1.806863e-06   2.013769e-06  -2.050143e-05
-3.962919e-07   3.505905e-07   5.150313e-03  -4.711311e-07   4.158303e-07   9.150042e-03   1.830011e-05   2.039567e-05   2.222845e-06
 9.143897e-03   5.455929e-06  -4.711311e-07   5.430087e-02   1.433623e-05  -1.234898e-06   3.282692e-07   3.658595e-07  -3.007609e-05
 5.456151e-06   9.145263e-03   4.158303e-07   1.433623e-05   5.430434e-02   1.094320e-06   2.977851e-06   3.318847e-06  -3.378800e-05
-4.711263e-07   4.158362e-07   9.150042e-03  -1.234898e-06   1.094320e-06   5.431695e-02   3.015996e-05   3.361360e-05   3.663423e-06
 1.991877e-07   1.806863e-06   1.830011e-05   3.282692e-07   2.977851e-06   3.015996e-05   2.049300e-03  -1.007897e-07   1.833930e-16
 2.219969e-07   2.013769e-06   2.039567e-05   3.658595e-07   3.318847e-06   3.361360e-05  -1.007897e-07   2.049278e-03   2.043934e-16
-1.824930e-05  -2.050143e-05   2.222845e-06  -3.007609e-05  -3.378800e-05   3.663423e-06   1.833930e-16   2.043934e-16   2.049188e-03

# timestamp: 1767207301.4798942
 6.022246e-03   5.901867e-06  -5.081609e-07   1.047124e-02   7.959747e-06  -6.851524e-07   2.164550e-07   2.412415e-07  -1.945413e-05
 5.901867e-06   6.023690e-03   4.497646e-07   7.959739e-06   1.047318e-02   6.068127e-07   1.919560e-06   2.139370e-06  -2.174961e-05
-5.081609e-07   4.497646e-07   6.028875e-03  -6.851644e-07   6.068032e-07   1.048018e-02   1.945593e-05   2.168384e-05   2.362294e-06
 1.047124e-02   7.959739e-06  -6.851644e-07   5.550885e-02   1.593724e-05  -1.371102e-06   3.448861e-07   3.843792e-07  -3.099808e-05
 7.959747e-06   1.047318e-02   6.068032e-07   1.593724e-05   5.551268e-02   1.216427e-06   3.058587e-06   3.408828e-06  -3.465539e-05
-6.851524e-07   6.068127e-07   1.048018e-02  -1.371102e-06   1.216427e-06   5.552671e-02   3.100081e-05   3.455073e-05   3.764010e-06
 2.164550e-07   1.919560e-06   1.945593e-05   3.448861e-07   3.058587e-06   3.100081e-05   2.160420e-03  -7.879194e-08   5.413505e-18
 2.412415e-07   2.139370e-06   2.168384e-05   3.843792e-07   3.408828e-06   3.455073e-05  -7.879194e-08   2.160403e-03   6.033408e-18
-1.945413e-05  -2.174961e-05   2.362294e-06  -3.099808e-05  -3.465539e-05   3.764010e-06   5.413505e-18   6.033409e-18   2.160332e-03

# timestamp: 1767207301.4990036
 6.337239e-03   5.970714e-06  -5.140843e-07   1.103620e-02   7.974919e-06  -6.864468e-07   7.391213e-08   8.237586e-08  -6.642934e-06
 5.970714e-06   6.338701e-03   4.550067e-07   7.974910e-06   1.103814e-02   6.079734e-07   6.554656e-07   7.305234e-07  -7.426763e-06
-5.140843e-07   4.550067e-07   6.343946e-03  -6.864584e-07   6.079642e-07   1.104515e-02   6.643550e-06   7.404307e-06   8.066442e-07
 1.103620e-02   7.974910e-06  -6.864584e-07   5.650865e-02   1.571108e-05  -1.351628e-06   1.159200e-07   1.291941e-07  -1.041879e-05
 7.974919e-06   1.103814e-02   6.079642e-07   1.571108e-05   5.651242e-02   1.199169e-06   1.028025e-06   1.145745e-06  -1.164806e-05
-6.864468e-07   6.079734e-07   1.104515e-02  -1.351628e-06   1.199169e-06   5.652626e-02   1.041971e-05   1.161288e-05   1.265125e-06
 7.391213e-08   6.554656e-07   6.643550e-06   1.159200e-07   1.028025e-06   1.041971e-05   1.062232e-03  -8.900878e-09   6.115670e-19
 8.237586e-08   7.305234e-07   7.404307e-06   1.291941e-07   1.145745e-06   1.161288e-05  -8.900878e-09   1.062230e-03   6.815978e-19
-6.642934e-06  -7.426763e-06   8.066442e-07  -1.041879e-05  -1.164806e-05   1.265125e-06   6.115670e-19   6.815979e-19   1.062222e-03

# timestamp: 1767207301.5140927
 7.001781e-03   6.284714e-06  -5.411116e-07   1.219636e-02   8.271986e-06  -7.120022e-07   2.616110e-08   2.915682e-08  -2.351260e-06
 6.284714e-06   7.003318e-03   4.789443e-07   8.271977e-06   1.219837e-02   6.306477e-07   2.320013e-07   2.585679e-07  -2.628695e-06
-5.411116e-07   4.789443e-07   7.008840e-03  -7.120138e-07   6.306385e-07   1.220564e-02   2.351477e-06   2.620747e-06   2.855108e-07
 1.219636e-02   8.271977e-06  -7.120138e-07   5.850863e-02   1.568499e-05  -1.349382e-06   3.978189e-08   4.433734e-08  -3.575563e-06
 8.271986e-06   1.219837e-02   6.306385e-07   1.568499e-05   5.851239e-02   1.197178e-06   3.528017e-07   3.932012e-07  -3.997427e-06
-7.120022e-07   6.306477e-07   1.220564e-02  -1.349382e-06   1.197178e-06   5.852620e-02   3.575878e-06   3.985355e-06   4.341707e-07
 2.616110e-08   2.320013e-07   2.351477e-06   3.978189e-08   3.528017e-07   3.575878e-06   1.050907e-03  -1.048299e-09   7.202745e-20
 2.915682e-08   2.585679e-07   2.620747e-06   4.433734e-08   3.932012e-07   3.985355e-06  -1.048299e-09   1.050907e-03   8.027535e-20
-2.351260e-06  -2.628695e-06   2.855108e-07  -3.575563e-06  -3.997427e-06   4.341707e-07   7.202745e-20   8.027536e-20   1.050906e-03

# timestamp: 1767207301.5286036
 7.351659e-03   6.451722e-06  -5.554867e-07   1.279144e-02   8.428836e-06  -7.254960e-07   2.655891e-08   2.960019e-08  -2.387015e-06
 6.451722e-06   7.353237e-03   4.916769e-07   8.428827e-06   1.279349e-02   6.426195e-07   2.355293e-07   2.624999e-07  -2.668669e-06
-5.554867e-07   4.916769e-07   7.358905e-03  -7.255076e-07   6.426103e-07   1.280090e-02   2.387236e-06   2.660600e-06   2.898525e-07
 1.279144e-02   8.428827e-06  -7.255076e-07   5.950863e-02   1.568499e-05  -1.349382e-06   3.978189e-08   4.433734e-08  -3.575563e-06
 8.428836e-06   1.279349e-02   6.426103e-07   1.568499e-05   5.951239e-02   1.197178e-06   3.528017e-07   3.932012e-07  -3.997427e-06
-7.254960e-07   6.426195e-07   1.280090e-02  -1.349382e-06   1.197178e-06   5.952620e-02   3.575878e-06   3.985355e-06   4.341707e-07
 2.655891e-08   2.355293e-07   2.387236e-06   3.978189e-08   3.528017e-07   3.575878e-06   2.050907e-03  -1.048299e-09   7.202745e-20
 2.960019e-08   2.624999e-07   2.660600e-06   4.433734e-08   3.932012e-07   3.985355e-06  -1.048299e-09   2.050907e-03   8.027535e-20
-2.387015e-06  -2.668669e-06   2.898525e-07  -3.575563e-06  -3.997427e-06   4.341707e-07   7.202745e-20   8.027536e-20   2.050906e-03

# timestamp: 1767207301.5437615
 8.087619e-03   6.793693e-06  -5.849212e-07   1.401161e-02   8.740418e-06  -7.523013e-07   9.410486e-09   1.048809e-08  -8.457799e-07
 6.793693e-06   8.089280e-03   5.177492e-07   8.740409e-06   1.401374e-02   6.664015e-07   8.345398e-08   9.301035e-08  -9.455767e-07
-5.849212e-07   5.177492e-07   8.095249e-03  -7.523129e-07   6.663923e-07   1.402142e-02   8.458580e-07   9.427178e-07   1.027020e-07
 1.401161e-02   8.740409e-06  -7.523129e-07   6.150862e-02   1.568191e-05  -1.349116e-06   1.368573e-08   1.525289e-08  -1.230062e-06
 8.740418e-06   1.401374e-02   6.663923e-07   1.568191e-05   6.151239e-02   1.196943e-06   1.213705e-07   1.352687e-07  -1.375191e-06
-7.523013e-07   6.664015e-07   1.402142e-02  -1.349116e-06   1.196943e-06   6.152620e-02   1.230170e-06   1.371038e-06   1.493630e-07
 9.410486e-09   8.345398e-08   8.458580e-07   1.368573e-08   1.213705e-07   1.230170e-06   2.049570e-03  -1.240652e-10   8.524383e-21
 1.048809e-08   9.301035e-08   9.427178e-07   1.525289e-08   1.352687e-07   1.371038e-06  -1.240652e-10   2.049570e-03   9.500514e-21
-8.457799e-07  -9.455767e-07   1.027020e-07  -1.230062e-06  -1.375191e-06   1.493630e-07   8.524383e-21   9.500515e-21   2.049570e-03

# timestamp: 1767207301.5593386
 8.474102e-03   6.969892e-06  -6.000870e-07   1.463670e-02   8.896982e-06  -7.657706e-07   3.285412e-09   3.661626e-09  -2.952808e-07
 6.969892e-06   8.475806e-03   5.311833e-07   8.896974e-06   1.463886e-02   6.783515e-07   2.913566e-08   3.247201e-08  -3.301221e-07
-6.000870e-07   5.311833e-07   8.481930e-03  -7.657822e-07   6.783423e-07   1.464669e-02   2.953081e-07   3.291240e-07   3.585559e-08
 1.463670e-02   8.896974e-06  -7.657822e-07   6.250862e-02   1.568155e-05  -1.349085e-06   4.709503e-09   5.248792e-09  -4.232863e-07
 8.896982e-06   1.463886e-02   6.783423e-07   1.568155e-05   6.251239e-02   1.196915e-06   4.176575e-08   4.654838e-08  -4.732278e-07
-7.657706e-07   6.783515e-07   1.464669e-02  -1.349085e-06   1.196915e-06   6.252620e-02   4.233235e-07   4.717986e-07   5.139847e-08
 3.285412e-09   2.913566e-08   2.953081e-07   4.709503e-09   4.176575e-08   4.233235e-07   1.049411e-03  -1.469144e-11   1.009433e-21
 3.661626e-09   3.247201e-08   3.291240e-07   5.248792e-09   4.654838e-08   4.717986e-07  -1.469144e-11   1.049411e-03   1.125023e-21
-2.952808e-07  -3.301221e-07   3.585559e-08  -4.232863e-07  -4.732278e-07   5.139847e-08   1.009433e-21   1.125024e-21   1.049411e-03

# timestamp: 1767207301.574746
 4.974281e-03   8.470821e-06  -7.287447e-07   8.623027e-03   1.265815e-05  -1.088742e-06   1.214401e-06   1.353463e-06  -1.084035e-04
 8.470821e-06   4.976306e-03   6.468013e-07   1.265819e-05   8.626037e-03   9.669466e-07   1.067931e-05   1.190221e-05  -1.209050e-04
