# ekf covariance log started at 1771539409.7379978
# timestamp: 1771539410.064696
 1.007220e+00   0.000000e+00   0.000000e+00   8.036000e-02   0.000000e+00   0.000000e+00   0.000000e+00   0.000000e+00   0.000000e+00
 0.000000e+00   1.007220e+00   0.000000e+00   0.000000e+00   8.036000e-02   0.000000e+00   0.000000e+00   0.000000e+00   0.000000e+00
 0.000000e+00   0.000000e+00   1.007220e+00   0.000000e+00   0.000000e+00   8.036000e-02   0.000000e+00   0.000000e+00   0.000000e+00
 8.036000e-02   0.000000e+00   0.000000e+00   1.008000e+00   0.000000e+00   0.000000e+00   0.000000e+00   0.000000e+00   0.000000e+00
 0.000000e+00   8.036000e-02   0.000000e+00   0.000000e+00   1.008000e+00   0.000000e+00   0.000000e+00   0.000000e+00   0.000000e+00
 0.000000e+00   0.000000e+00   8.036000e-02   0.000000e+00   0.000000e+00   1.008000e+00   0.000000e+00   0.000000e+00   0.000000e+00
 0.000000e+00   0.000000e+00   0.000000e+00   0.000000e+00   0.000000e+00   0.000000e+00   1.008000e+00   0.000000e+00   0.000000e+00
 0.000000e+00   0.000000e+00   0.000000e+00   0.000000e+00   0.000000e+00   0.000000e+00   0.000000e+00   1.008000e+00   0.000000e+00
 0.000000e+00   0.000000e+00   0.000000e+00   0.000000e+00   0.000000e+00   0.000000e+00   0.000000e+00   0.000000e+00   1.008000e+00

# timestamp: 1771539410.258185
 6.337502e-03   2.632115e-04  -2.314154e-05   3.746780e-02   3.093903e-03   2.223340e-04  -8.665471e-04  -9.657760e-04   6.469568e-03
 2.632115e-04   6.259688e-03  -2.415059e-04   2.758387e-03   3.672952e-02  -2.488961e-03   2.196904e-03   2.448473e-03   4.998962e-03
-2.314154e-05  -2.415059e-04   6.235553e-03  -3.293319e-04  -2.003950e-03   3.716379e-02  -3.618895e-03  -4.033297e-03  -1.603414e-03
 3.746780e-02   2.758387e-03  -3.293319e-04   4.316738e-01   3.312558e-02   1.032139e-03  -6.982946e-03  -7.782567e-03   6.384120e-02
 3.093903e-03   3.672952e-02  -2.003950e-03   3.312558e-02   4.256083e-01  -1.985567e-02   1.591298e-02   1.773519e-02   5.447627e-02
 2.223340e-04  -2.488961e-03   3.716379e-02   1.032139e-03  -1.985567e-02   4.381433e-01  -4.370143e-02  -4.870571e-02  -1.086464e-02
-8.665471e-04   2.196904e-03  -3.618895e-03  -6.982946e-03   1.591298e-02  -4.370143e-02   6.155911e-01  -4.596341e-01   1.708292e-03
-9.657760e-04   2.448473e-03  -4.033297e-03  -7.782567e-03   1.773519e-02  -4.870571e-02  -4.596341e-01   5.157329e-01   1.903910e-03
 6.469568e-03   4.998962e-03  -1.603414e-03   6.384120e-02   5.447627e-02  -1.086464e-02   1.708292e-03   1.903910e-03   1.075222e-01

# timestamp: 1771539410.2963488
 3.917043e-03   7.251485e-05  -1.542723e-05   2.258170e-02   9.902317e-04   7.088057e-05  -5.075908e-04  -5.657153e-04   2.918429e-03
 7.251485e-05   3.895768e-03  -8.075426e-05   8.562052e-04   2.233000e-02  -9.269835e-04   1.210385e-03   1.348987e-03   2.080169e-03
-1.542723e-05  -8.075426e-05   3.858342e-03  -1.823565e-04  -7.159689e-04   2.225972e-02  -1.342005e-03  -1.495679e-03  -8.889658e-04
 2.258170e-02   8.562052e-04  -1.823565e-04   2.886941e-01   1.193214e-02   4.260454e-04  -4.381154e-03  -4.882842e-03   3.024099e-02
 9.902317e-04   2.233000e-02  -7.159689e-04   1.193214e-02   2.862514e-01  -7.791522e-03   8.904571e-03   9.924239e-03   2.437365e-02
 7.088057e-05  -9.269835e-04   2.225972e-02   4.260454e-04  -7.791522e-03   2.898744e-01  -1.914236e-02  -2.133436e-02  -5.802923e-03
-5.075908e-04   1.210385e-03  -1.342005e-03  -4.381154e-03   8.904571e-03  -1.914236e-02   6.011565e-01  -4.790652e-01   5.804286e-04
-5.657153e-04   1.348987e-03  -1.495679e-03  -4.882842e-03   9.924239e-03  -2.133436e-02  -4.790652e-01   4.970767e-01   6.468939e-04
 2.918429e-03   2.080169e-03  -8.889658e-04   3.024099e-02   2.437365e-02  -5.802923e-03   5.804286e-04   6.468939e-04   6.871567e-02

# timestamp: 1771539410.3195918
 5.833170e-03   1.386469e-04  -1.838807e-05   3.130253e-02   1.348196e-03   8.366193e-05  -6.390254e-04  -7.122006e-04   3.825659e-03
 1.386469e-04   5.794595e-03  -1.370552e-04   1.214169e-03   3.097754e-02  -1.160729e-03   1.477522e-03   1.646714e-03   2.811379e-03
-1.838807e-05  -1.370552e-04   5.756212e-03  -1.695752e-04  -9.497145e-04   3.101595e-02  -1.916276e-03  -2.135710e-03  -1.063054e-03
 3.130253e-02   1.214169e-03  -1.695752e-04   2.916941e-01   1.193214e-02   4.260454e-04  -4.381154e-03  -4.882842e-03   3.024099e-02
 1.348196e-03   3.097754e-02  -9.497145e-04   1.193214e-02   2.892514e-01  -7.791522e-03   8.904571e-03   9.924239e-03   2.437365e-02
 8.366193e-05  -1.160729e-03   3.101595e-02   4.260454e-04  -7.791522e-03   2.928744e-01  -1.914236e-02  -2.133436e-02  -5.802923e-03
-6.390254e-04   1.477522e-03  -1.916276e-03  -4.381154e-03   8.904571e-03  -1.914236e-02   6.041565e-01  -4.790652e-01   5.804286e-04
-7.122006e-04   1.646714e-03  -2.135710e-03  -4.882842e-03   9.924239e-03  -2.133436e-02  -4.790652e-01   5.000767e-01   6.468939e-04
 3.825659e-03   2.811379e-03  -1.063054e-03   3.024099e-02   2.437365e-02  -5.802923e-03   5.804286e-04   6.468939e-04   7.171567e-02

# timestamp: 1771539410.357138
 3.102971e-03   2.472166e-05  -2.366243e-06   1.498597e-02   3.022747e-04   4.395231e-05  -2.150315e-04  -2.396549e-04   1.255387e-03
 2.472166e-05   3.096871e-03  -2.207417e-05   2.660795e-04   1.492754e-02  -2.170590e-04   4.727277e-04   5.268600e-04   9.269641e-04
-2.366243e-06  -2.207417e-05   3.093612e-03  -2.522828e-05  -1.596664e-04   1.500829e-02  -6.517886e-04  -7.264254e-04  -3.297281e-04
 1.498597e-02   2.660795e-04  -2.522828e-05   1.723980e-01   3.339361e-03   3.443456e-04  -1.560259e-03  -1.738925e-03   1.121166e-02
 3.022747e-04   1.492754e-02  -1.596664e-04   3.339361e-03   1.719754e-01  -1.463591e-03   2.620791e-03   2.920900e-03   9.496236e-03
 4.395231e-05  -2.170590e-04   1.500829e-02   3.443456e-04  -1.463591e-03   1.740383e-01  -8.150544e-03  -9.083869e-03  -1.416269e-03
-2.150315e-04   4.727277e-04  -6.517886e-04  -1.560259e-03   2.620791e-03  -8.150544e-03   5.973503e-01  -4.899943e-01   9.301397e-05
-2.396549e-04   5.268600e-04  -7.264254e-04  -1.738925e-03   2.920900e-03  -9.083869e-03  -4.899943e-01   4.908961e-01   1.036651e-04
 1.255387e-03   9.269641e-04  -3.297281e-04   1.121166e-02   9.496236e-03  -1.416269e-03   9.301397e-05   1.036651e-04   5.148220e-02

# timestamp: 1771539410.371579
 3.971869e-03   3.742449e-05  -1.854024e-06   1.846393e-02   3.690619e-04   5.083923e-05  -2.462367e-04  -2.744334e-04   1.479621e-03
 3.742449e-05   3.963263e-03  -3.019411e-05   3.328667e-04   1.839705e-02  -2.463308e-04   5.251435e-04   5.852780e-04   1.116889e-03
-1.854024e-06  -3.019411e-05   3.964059e-03  -1.834137e-05  -1.889382e-04   1.851906e-02  -8.147995e-04  -9.081028e-04  -3.580535e-04
 1.846393e-02   3.328667e-04  -1.834137e-05   1.743980e-01   3.339361e-03   3.443456e-04  -1.560259e-03  -1.738925e-03   1.121166e-02
 3.690619e-04   1.839705e-02  -1.889382e-04   3.339361e-03   1.739754e-01  -1.463591e-03   2.620791e-03   2.920900e-03   9.496236e-03
 5.083923e-05  -2.463308e-04   1.851906e-02   3.443456e-04  -1.463591e-03   1.760383e-01  -8.150544e-03  -9.083869e-03  -1.416269e-03
-2.462367e-04   5.251435e-04  -8.147995e-04  -1.560259e-03   2.620791e-03  -8.150544e-03   5.993503e-01  -4.899943e-01   9.301397e-05
-2.744334e-04   5.852780e-04  -9.081028e-04  -1.738925e-03   2.920900e-03  -9.083869e-03  -4.899943e-01   4.928961e-01   1.036651e-04
 1.479621e-03   1.116889e-03  -3.580535e-04   1.121166e-02   9.496236e-03  -1.416269e-03   9.301397e-05   1.036651e-04   5.348220e-02

# timestamp: 1771539410.3987732
 4.980686e-03   5.279881e-05  -1.066329e-06   2.198189e-02   4.358491e-04   5.772614e-05  -2.774419e-04  -3.092119e-04   1.703854e-03
 5.279881e-05   4.969235e-03  -3.948493e-05   3.996539e-04   2.190656e-02  -2.756027e-04   5.775593e-04   6.436960e-04   1.306814e-03
-1.066329e-06  -3.948493e-05   4.975736e-03  -1.145446e-05  -2.182100e-04   2.206982e-02  -9.778104e-04  -1.089780e-03  -3.863789e-04
 2.198189e-02   3.996539e-04  -1.145446e-05   1.763980e-01   3.339361e-03   3.443456e-04  -1.560259e-03  -1.738925e-03   1.121166e-02
 4.358491e-04   2.190656e-02  -2.182100e-04   3.339361e-03   1.759754e-01  -1.463591e-03   2.620791e-03   2.920900e-03   9.496236e-03
 5.772614e-05  -2.756027e-04   2.206982e-02   3.443456e-04  -1.463591e-03   1.780383e-01  -8.150544e-03  -9.083869e-03  -1.416269e-03
-2.774419e-04   5.775593e-04  -9.778104e-04  -1.560259e-03   2.620791e-03  -8.150544e-03   6.013503e-01  -4.899943e-01   9.301397e-05
-3.092119e-04   6.436960e-04  -1.089780e-03  -1.738925e-03   2.920900e-03  -9.083869e-03  -4.899943e-01   4.948961e-01   1.036651e-04
 1.703854e-03   1.306814e-03  -3.863789e-04   1.121166e-02   9.496236e-03  -1.416269e-03   9.301397e-05   1.036651e-04   5.548220e-02

# timestamp: 1771539410.4196167
 6.759757e-03   8.086932e-05   6.317326e-07   2.733383e-02   5.360300e-04   6.805650e-05  -3.242496e-04  -3.613797e-04   2.040203e-03
 8.086932e-05   6.743406e-03  -5.561654e-05   4.998347e-04   2.724582e-02  -3.195104e-04   6.561830e-04   7.313230e-04   1.591701e-03
 6.317326e-07  -5.561654e-05   6.761560e-03  -1.124093e-06  -2.621178e-04   2.747097e-02  -1.222327e-03  -1.362296e-03  -4.288669e-04
 2.733383e-02   4.998347e-04  -1.124093e-06   1.793980e-01   3.339361e-03   3.443456e-04  -1.560259e-03  -1.738925e-03   1.121166e-02
 5.360300e-04   2.724582e-02  -2.621178e-04   3.339361e-03   1.789754e-01  -1.463591e-03   2.620791e-03   2.920900e-03   9.496236e-03
 6.805650e-05  -3.195104e-04   2.747097e-02   3.443456e-04  -1.463591e-03   1.810383e-01  -8.150544e-03  -9.083869e-03  -1.416269e-03
-3.242496e-04   6.561830e-04  -1.222327e-03  -1.560259e-03   2.620791e-03  -8.150544e-03   6.043503e-01  -4.899943e-01   9.301397e-05
-3.613797e-04   7.313230e-04  -1.362296e-03  -1.738925e-03   2.920900e-03  -9.083869e-03  -4.899943e-01   4.978961e-01   1.036651e-04
 2.040203e-03   1.591701e-03  -4.288669e-04   1.121166e-02   9.496236e-03  -1.416269e-03   9.301397e-05   1.036651e-04   5.848220e-02

# timestamp: 1771539410.4508996
 8.862645e-03   1.149507e-04   2.949616e-06   3.277577e-02   6.362108e-04   7.838687e-05  -3.710574e-04  -4.135474e-04   2.376553e-03
 1.149507e-04   8.840633e-03  -7.438262e-05   6.000155e-04   3.267508e-02  -3.634181e-04   7.348068e-04   8.189500e-04   1.876588e-03
 2.949616e-06  -7.438262e-05   8.874153e-03   9.206274e-06  -3.060255e-04   3.296212e-02  -1.466843e-03  -1.634812e-03  -4.713550e-04
 3.277577e-02   6.000155e-04   9.206274e-06   1.823980e-01   3.339361e-03   3.443456e-04  -1.560259e-03  -1.738925e-03   1.121166e-02
 6.362108e-04   3.267508e-02  -3.060255e-04   3.339361e-03   1.819754e-01  -1.463591e-03   2.620791e-03   2.920900e-03   9.496236e-03
 7.838687e-05  -3.634181e-04   3.296212e-02   3.443456e-04  -1.463591e-03   1.840383e-01  -8.150544e-03  -9.083869e-03  -1.416269e-03
-3.710574e-04   7.348068e-04  -1.466843e-03  -1.560259e-03   2.620791e-03  -8.150544e-03   6.073503e-01  -4.899943e-01   9.301397e-05
-4.135474e-04   8.189500e-04  -1.634812e-03  -1.738925e-03   2.920900e-03  -9.083869e-03  -4.899943e-01   5.008961e-01   1.036651e-04
 2.376553e-03   1.876588e-03  -4.713550e-04   1.121166e-02   9.496236e-03  -1.416269e-03   9.301397e-05   1.036651e-04   6.148220e-02

# timestamp: 1771539410.5667956
 6.953182e-03   2.296922e-05   1.650284e-06   2.025098e-02   1.094710e-04   1.172190e-05  -4.900291e-07  -5.461427e-07   3.528235e-06
 2.296922e-05   6.952840e-03  -6.210652e-06   1.078960e-04   2.025125e-02  -2.588346e-05   5.253601e-08   5.855195e-08   3.397187e-06
 1.650284e-06  -6.210652e-06   6.969951e-03   8.211037e-06  -2.308901e-05   2.034011e-02  -3.190193e-06  -3.555504e-06  -5.758419e-07
 2.025098e-02   1.078960e-04   8.211037e-06   1.047587e-01   5.290490e-04   5.520960e-05  -1.382981e-06  -1.541347e-06   1.022003e-05
 1.094710e-04   2.025125e-02  -2.308901e-05   5.290490e-04   1.047681e-01  -9.947994e-05   9.894063e-08   1.102704e-07   9.905728e-06
 1.172190e-05  -2.588346e-05   2.034011e-02   5.520960e-05  -9.947994e-05   1.052306e-01  -9.385949e-06  -1.046074e-05  -1.498186e-06
-4.900291e-07   5.253601e-08  -3.190193e-06  -1.382981e-06   9.894063e-08  -9.385949e-06   4.379430e-03  -6.321579e-08   4.545844e-11
-5.461427e-07   5.855195e-08  -3.555504e-06  -1.541347e-06   1.102704e-07  -1.046074e-05  -6.321579e-08   4.379416e-03   5.066392e-11
 3.528235e-06   3.397187e-06  -5.758419e-07   1.022003e-05   9.905728e-06  -1.498186e-06   4.545844e-11   5.066392e-11   4.379360e-03

# timestamp: 1771539410.601247
 5.180036e-03   1.569311e-05   2.778822e-07   1.404872e-02   6.697425e-05   4.822105e-06   4.105443e-07   4.575560e-07  -1.505574e-05
 1.569311e-05   5.181138e-03  -2.135335e-06   6.610690e-05   1.405248e-02  -1.005853e-05   2.072701e-06   2.310048e-06  -1.656801e-05
 2.778822e-07  -2.135335e-06   5.193862e-03   2.889302e-06  -8.518102e-06   1.410977e-02   1.490507e-05   1.661186e-05   2.724843e-06
 1.404872e-02   6.610690e-05   2.889302e-06   8.098387e-02   3.117403e-04   2.699760e-05   1.105125e-06   1.231674e-06  -3.993946e-05
 6.697425e-05   1.405248e-02  -8.518102e-06   3.117403e-04   8.099986e-02  -4.135512e-05   5.478473e-06   6.105816e-06  -4.394037e-05
 4.822105e-06  -1.005853e-05   1.410977e-02   2.699760e-05  -4.135512e-05   8.128303e-02   3.952522e-05   4.405128e-05   7.236259e-06
 4.105443e-07   2.072701e-06   1.490507e-05   1.105125e-06   5.478473e-06   3.952522e-05   3.817173e-04  -6.507338e-08   2.793139e-12
 4.575560e-07   2.310048e-06   1.661186e-05   1.231674e-06   6.105816e-06   4.405128e-05  -6.507338e-08   3.817032e-04   3.112983e-12
-1.505574e-05  -1.656801e-05   2.724843e-06  -3.993946e-05  -4.394037e-05   7.236259e-06   2.793139e-12   3.112983e-12   3.816448e-04

# timestamp: 1771539410.6363842
 4.047002e-03   1.177600e-05  -2.374854e-07   1.052137e-02   4.623236e-05   2.079082e-06  -1.942178e-06  -2.164578e-06   9.090067e-05
 1.177600e-05   4.048461e-03  -6.790330e-07   4.569184e-05   1.052564e-02  -4.447382e-06  -1.305103e-05  -1.454551e-05   1.005882e-04
-2.374854e-07  -6.790330e-07   4.058352e-03   8.740674e-07  -3.488365e-06   1.056613e-02  -9.021553e-05  -1.005462e-04  -1.654749e-05
 1.052137e-02   4.569184e-05   8.740674e-07   6.858002e-02   2.121675e-04   1.572503e-05  -5.098936e-06  -5.682818e-06   2.348228e-04
 4.623236e-05   1.052564e-02  -3.488365e-06   2.121675e-04   6.859539e-02  -2.120442e-05  -3.362531e-05  -3.747577e-05   2.598032e-04
 2.079082e-06  -4.447382e-06   1.056613e-02   1.572503e-05  -2.120442e-05   6.879181e-02  -2.330211e-04  -2.597045e-04  -4.274047e-05
-1.942178e-06  -1.305103e-05  -9.021553e-05  -5.098936e-06  -3.362531e-05  -2.330211e-04   3.376819e-03  -5.524268e-06   4.621262e-10
-2.164578e-06  -1.454551e-05  -1.005462e-04  -5.682818e-06  -3.747577e-05  -2.597045e-04  -5.524268e-06   3.375619e-03   5.150446e-10
 9.090067e-05   1.005882e-04  -1.654749e-05   2.348228e-04   2.598032e-04  -4.274047e-05   4.621262e-10   5.150446e-10   3.370664e-03

# timestamp: 1771539410.66012
 5.041406e-03   1.472468e-05  -1.347384e-07   1.263877e-02   5.259738e-05   2.550833e-06  -2.095146e-06  -2.335063e-06   9.794535e-05
 1.472468e-05   5.043135e-03  -9.361893e-07   5.205686e-05   1.264350e-02  -5.083515e-06  -1.405979e-05  -1.566979e-05   1.083823e-04
-1.347384e-07  -9.361893e-07   5.055633e-03   1.345818e-06  -4.124497e-06   1.268988e-02  -9.720617e-05  -1.083373e-04  -1.782970e-05
 1.263877e-02   5.205686e-05   1.345818e-06   7.158002e-02   2.121675e-04   1.572503e-05  -5.098936e-06  -5.682818e-06   2.348228e-04
 5.259738e-05   1.264350e-02  -4.124497e-06   2.121675e-04   7.159539e-02  -2.120442e-05  -3.362531e-05  -3.747577e-05   2.598032e-04
 2.550833e-06  -5.083515e-06   1.268988e-02   1.572503e-05  -2.120442e-05   7.179181e-02  -2.330211e-04  -2.597045e-04  -4.274047e-05
-2.095146e-06  -1.405979e-05  -9.720617e-05  -5.098936e-06  -3.362531e-05  -2.330211e-04   6.376819e-03  -5.524268e-06   4.621262e-10
-2.335063e-06  -1.566979e-05  -1.083373e-04  -5.682818e-06  -3.747577e-05  -2.597045e-04  -5.524268e-06   6.375619e-03   5.150446e-10
 9.794535e-05   1.083823e-04  -1.782970e-05   2.348228e-04   2.598032e-04  -4.274047e-05   4.621262e-10   5.150446e-10   6.370664e-03

# timestamp: 1771539410.701048
 2.999217e-03   3.610633e-06   6.165883e-08   7.205989e-03   1.588026e-05   1.529458e-06   1.448061e-07   1.613879e-07   2.387613e-06
 3.610633e-06   2.999567e-03  -3.143863e-07   1.563705e-05   7.207001e-03  -1.991377e-06  -5.185086e-07  -5.778834e-07   2.734250e-06
 6.165883e-08  -3.143863e-07   3.002673e-03   9.867255e-07  -1.558805e-06   7.221487e-03  -2.395472e-06  -2.669779e-06  -4.417539e-07
 7.205989e-03   1.563705e-05   9.867255e-07   5.583868e-02   8.671166e-05   9.442952e-06   3.575437e-07   3.984863e-07   4.714030e-06
 1.588026e-05   7.207001e-03  -1.558805e-06   8.671166e-05   5.584352e-02  -9.580649e-06  -1.087435e-06  -1.211958e-06   5.431856e-06
 1.529458e-06  -1.991377e-06   7.221487e-03   9.442952e-06  -9.580649e-06   5.592713e-02  -4.738178e-06  -5.280750e-06  -8.746752e-07
 1.448061e-07  -5.185086e-07  -2.395472e-06   3.575437e-07  -1.087435e-06  -4.738178e-06   3.365623e-03  -1.539868e-05  -4.915723e-12
 1.613879e-07  -5.778834e-07  -2.669779e-06   3.984863e-07  -1.211958e-06  -5.280750e-06  -1.539868e-05   3.362277e-03  -5.478626e-12
 2.387613e-06   2.734250e-06  -4.417539e-07   4.714030e-06   5.431856e-06  -8.746752e-07  -4.915723e-12  -5.478626e-12   3.348461e-03

# timestamp: 1771539410.7248142
 2.354661e-03  -3.855470e-06   2.502784e-05   3.506049e-04  -3.403620e-05   1.739429e-04   1.292804e-07  -2.024278e-06   5.327270e-06
-3.855470e-06   3.510626e-03  -2.142640e-07  -3.892669e-05   8.353505e-03  -9.719489e-07  -3.675807e-08  -5.622184e-08   2.340818e-07
 2.502784e-05  -2.142640e-07   3.513863e-03   1.736775e-04  -6.376637e-07   8.366312e-03  -1.758391e-07  -1.492315e-07  -1.430725e-07
 3.506049e-04  -3.892669e-05   1.736775e-04   2.427797e-03  -2.709318e-04   1.202008e-03   8.468627e-07  -1.407097e-05   3.602082e-05
-3.403620e-05   8.353505e-03  -6.376637e-07  -2.709318e-04   5.784120e-02  -1.884656e-06  -7.036259e-08  -1.753301e-07   6.083418e-07
 1.739429e-04  -9.719489e-07   8.366312e-03   1.202008e-03  -1.884656e-06   5.790145e-02  -3.473916e-07  -6.402003e-08  -8.290503e-07
 1.292804e-07  -3.675807e-08  -1.758391e-07   8.468627e-07  -7.036259e-08  -3.473916e-07   3.722491e-04  -7.395028e-08  -5.295025e-10
-2.024278e-06  -5.622184e-08  -1.492315e-07  -1.407097e-05  -1.753301e-07  -6.402003e-08  -7.395028e-08   3.722294e-04   9.081620e-09
 5.327270e-06   2.340818e-07  -1.430725e-07   3.602082e-05   6.083418e-07  -8.290503e-07  -5.295025e-10   9.081620e-09   3.721435e-04

# timestamp: 1771539410.744347
 2.570156e-03  -5.423100e-06   3.246105e-05   4.291608e-04  -3.945483e-05   1.979830e-04   1.462176e-07  -2.305697e-06   6.047686e-06
-5.423100e-06   4.068402e-03  -2.472101e-07  -4.434532e-05   9.540329e-03  -1.009642e-06  -3.816532e-08  -5.972844e-08   2.462486e-07
 3.246105e-05  -2.472101e-07   4.072177e-03   1.977177e-04  -6.753569e-07   9.554341e-03  -1.827869e-07  -1.505119e-07  -1.596535e-07
 4.291608e-04  -4.434532e-05   1.977177e-04   4.427797e-03  -2.709318e-04   1.202008e-03   8.468627e-07  -1.407097e-05   3.602082e-05
-3.945483e-05   9.540329e-03  -6.753569e-07  -2.709318e-04   5.984120e-02  -1.884656e-06  -7.036259e-08  -1.753301e-07   6.083418e-07
 1.979830e-04  -1.009642e-06   9.554341e-03   1.202008e-03  -1.884656e-06   5.990145e-02  -3.473916e-07  -6.402003e-08  -8.290503e-07
 1.462176e-07  -3.816532e-08  -1.827869e-07   8.468627e-07  -7.036259e-08  -3.473916e-07   2.372249e-03  -7.395028e-08  -5.295025e-10
-2.305697e-06  -5.972844e-08  -1.505119e-07  -1.407097e-05  -1.753301e-07  -6.402003e-08  -7.395028e-08   2.372229e-03   9.081620e-09
 6.047686e-06   2.462486e-07  -1.596535e-07   3.602082e-05   6.083418e-07  -8.290503e-07  -5.295025e-10   9.081620e-09   2.372143e-03

# timestamp: 1771539410.7688487
 2.291166e-03  -3.172239e-06   2.474577e-05   5.019293e-04  -3.027395e-05   1.602067e-04  -9.977963e-07  -1.357519e-06   3.305742e-05
-3.172239e-06   3.439931e-03   9.676520e-08  -3.562507e-05   7.891808e-03   6.141727e-08  -7.080520e-06  -7.893041e-06   5.425120e-05
 2.474577e-05   9.676520e-08   3.443758e-03   1.603738e-04   2.465696e-07   7.903810e-03  -4.856424e-05  -5.412005e-05  -8.609068e-06
 5.019293e-04  -3.562507e-05   1.603738e-04   7.400552e-03  -2.318168e-04   1.031325e-03  -2.199116e-06  -4.030622e-06   9.185599e-06
-3.027395e-05   7.891808e-03   2.465696e-07  -2.318168e-04   5.495223e-02   1.118455e-06  -1.593345e-05  -1.776800e-05   1.218293e-04
 1.602067e-04   6.141727e-08   7.903810e-03   1.031325e-03   1.118455e-06   5.499840e-02  -1.094124e-04  -1.219072e-04  -1.798878e-05
-9.977963e-07  -7.080520e-06  -4.856424e-05  -2.199116e-06  -1.593345e-05  -1.094124e-04   2.356039e-03  -1.723908e-06   2.565469e-10
-1.357519e-06  -7.893041e-06  -5.412005e-05  -4.030622e-06  -1.776800e-05  -1.219072e-04  -1.723908e-06   2.355664e-03  -3.051823e-09
 3.305742e-05   5.425120e-05  -8.609068e-06   9.185599e-06   1.218293e-04  -1.798878e-05   2.565469e-10  -3.051823e-09   2.353906e-03

# timestamp: 1771539410.8104737
 2.273997e-03  -4.061887e-06   2.474588e-05   7.832479e-04  -3.062914e-05   1.510903e-04   1.325815e-07   1.260976e-07  -3.761704e-06
-4.061887e-06   3.419574e-03   5.897413e-08  -3.382186e-05   7.749503e-03   7.542031e-08   8.156835e-07   9.089469e-07  -6.367584e-06
 2.474588e-05   5.897413e-08   3.422120e-03   1.510971e-04   2.257563e-07   7.757419e-03   5.704498e-06   6.358192e-06   1.008163e-06
 7.832479e-04  -3.382186e-05   1.510971e-04   1.137066e-02  -2.070953e-04   9.186630e-04   2.726686e-07   1.721092e-07  -6.366115e-07
-3.062914e-05   7.749503e-03   2.257563e-07  -2.070953e-04   5.374005e-02   1.330199e-06   1.787214e-06   1.991069e-06  -1.391331e-05
 1.510903e-04   7.542031e-08   7.757419e-03   9.186630e-04   1.330199e-06   5.377067e-02   1.250481e-05   1.393959e-05   2.045849e-06
 1.325815e-07   8.156835e-07   5.704498e-06   2.726686e-07   1.787214e-06   1.250481e-05   2.366266e-03  -1.148895e-07   8.507701e-12
 1.260976e-07   9.089469e-07   6.358192e-06   1.721092e-07   1.991069e-06   1.393959e-05  -1.148895e-07   2.366241e-03   4.648691e-11
-3.761704e-06  -6.367584e-06   1.008163e-06  -6.366115e-07  -1.391331e-05   2.045849e-06   8.507701e-12   4.648691e-11   2.366135e-03

# timestamp: 1771539410.8264778
 2.390899e-03  -4.727107e-06   2.785962e-05   9.069545e-04  -3.270009e-05   1.602769e-04   1.353082e-07   1.278187e-07  -3.768070e-06
-4.727107e-06   3.680038e-03   6.211892e-08  -3.589281e-05   8.296904e-03   8.872230e-08   8.335557e-07   9.288576e-07  -6.506717e-06
 2.785962e-05   6.211892e-08   3.682745e-03   1.602838e-04   2.390583e-07   8.305126e-03   5.829546e-06   6.497588e-06   1.028621e-06
 9.069545e-04  -3.589281e-05   1.602838e-04   1.237066e-02  -2.070953e-04   9.186630e-04   2.726686e-07   1.721092e-07  -6.366115e-07
-3.270009e-05   8.296904e-03   2.390583e-07  -2.070953e-04   5.474005e-02   1.330199e-06   1.787214e-06   1.991069e-06  -1.391331e-05
 1.602769e-04   8.872230e-08   8.305126e-03   9.186630e-04   1.330199e-06   5.477067e-02   1.250481e-05   1.393959e-05   2.045849e-06
 1.353082e-07   8.335557e-07   5.829546e-06   2.726686e-07   1.787214e-06   1.250481e-05   3.366266e-03  -1.148895e-07   8.507701e-12
 1.278187e-07   9.288576e-07   6.497588e-06   1.721092e-07   1.991069e-06   1.393959e-05  -1.148895e-07   3.366241e-03   4.648691e-11
-3.768070e-06  -6.506717e-06   1.028621e-06  -6.366115e-07  -1.391331e-05   2.045849e-06   8.507701e-12   4.648691e-11   3.366135e-03

# timestamp: 1771539410.8586202
 2.720090e-03  -4.295343e-06   3.333551e-05   1.800604e-03  -3.027137e-05   1.621663e-04   1.741422e-06   1.937992e-06  -5.504300e-05
-4.295343e-06   4.272449e-03   4.716052e-07  -3.561915e-05   9.302315e-03   1.074511e-06   1.253271e-05   1.396782e-05  -9.599738e-05
 3.333551e-05   4.716052e-07   4.277457e-03   1.626366e-04   1.114669e-06   9.313857e-03   8.583849e-05   9.566797e-05   1.509784e-05
 1.800604e-03  -3.561915e-05   1.626366e-04   1.925758e-02  -1.755798e-04   7.860411e-04   3.574353e-06   3.969913e-06  -2.283226e-05
-3.027137e-05   9.302315e-03   1.114669e-06  -1.755798e-04   5.551996e-02   3.310689e-06   2.507491e-05   2.794618e-05  -1.916804e-04
 1.621663e-04   1.074511e-06   9.313857e-03   7.860411e-04   3.310689e-06   5.555066e-02   1.718447e-04   1.915230e-04   2.833982e-05
 1.741422e-06   1.253271e-05   8.583849e-05   3.574353e-06   2.507491e-05   1.718447e-04   7.352743e-03  -5.322699e-06  -4.547678e-10
 1.937992e-06   1.396782e-05   9.566797e-05   3.969913e-06   2.794618e-05   1.915230e-04  -5.322699e-06   7.351587e-03  -4.503299e-10
-5.504300e-05  -9.599738e-05   1.509784e-05  -2.283226e-05  -1.916804e-04   2.833982e-05  -4.547678e-10  -4.503299e-10   7.346198e-03

# timestamp: 1771539410.9295464
 2.307784e-03  -2.985456e-06   2.077125e-05   1.704089e-03  -2.289108e-05   1.151294e-04  -2.718359e-07  -3.030623e-07   7.956026e-06
-2.985456e-06   3.273738e-03   2.320573e-07  -2.555942e-05   7.024016e-03   5.637640e-07  -1.604915e-06  -1.788696e-06   1.267213e-05
 2.077125e-05   2.320573e-07   3.276117e-03   1.153099e-04   6.106728e-07   7.029347e-03  -1.134724e-05  -1.264662e-05  -2.008891e-06
 1.704089e-03  -2.555942e-05   1.153099e-04   2.087794e-02  -1.427351e-04   6.351404e-04  -5.516906e-07  -6.154067e-07   6.415378e-06
-2.289108e-05   7.024016e-03   6.106728e-07  -1.427351e-04   5.018544e-02   2.310943e-06  -3.560658e-06  -3.968395e-06   2.803838e-05
 1.151294e-04   5.637640e-07   7.029347e-03   6.351404e-04   2.310943e-06   5.020049e-02  -2.516265e-05  -2.804403e-05  -4.212254e-06
-2.718359e-07  -1.604915e-06  -1.134724e-05  -5.516906e-07  -3.560658e-06  -2.516265e-05   3.834501e-04  -1.696742e-07   5.238361e-11
-3.030623e-07  -1.788696e-06  -1.264662e-05  -6.154067e-07  -3.968395e-06  -2.804403e-05  -1.696742e-07   3.834133e-04   5.803489e-11
 7.956026e-06   1.267213e-05  -2.008891e-06   6.415378e-06   2.803838e-05  -4.212254e-06   5.238361e-11   5.803489e-11   3.832490e-04

# timestamp: 1771539410.9464376
 2.584799e-03  -4.011559e-06   2.563409e-05   2.151648e-03  -2.574578e-05   1.278322e-04  -2.828697e-07  -3.153705e-07   8.084334e-06
-4.011559e-06   3.775273e-03   2.564704e-07  -2.841412e-05   8.057724e-03   6.099828e-07  -1.676129e-06  -1.868064e-06   1.323289e-05
 2.563409e-05   2.564704e-07   3.777871e-03   1.280127e-04   6.568916e-07   8.063357e-03  -1.185049e-05  -1.320750e-05  -2.093136e-06
 2.151648e-03  -2.841412e-05   1.280127e-04   2.287794e-02  -1.427351e-04   6.351404e-04  -5.516906e-07  -6.154067e-07   6.415378e-06
-2.574578e-05   8.057724e-03   6.568916e-07  -1.427351e-04   5.218544e-02   2.310943e-06  -3.560658e-06  -3.968395e-06   2.803838e-05
 1.278322e-04   6.099828e-07   8.063357e-03   6.351404e-04   2.310943e-06   5.220049e-02  -2.516265e-05  -2.804403e-05  -4.212254e-06
-2.828697e-07  -1.676129e-06  -1.185049e-05  -5.516906e-07  -3.560658e-06  -2.516265e-05   2.383450e-03  -1.696742e-07   5.238361e-11
-3.153705e-07  -1.868064e-06  -1.320750e-05  -6.154067e-07  -3.968395e-06  -2.804403e-05  -1.696742e-07   2.383413e-03   5.803489e-11
 8.084334e-06   1.323289e-05  -2.093136e-06   6.415378e-06   2.803838e-05  -4.212254e-06   5.238361e-11   5.803489e-11   2.383249e-03

# timestamp: 1771539410.9836807
 2.574541e-03  -1.118345e-06   2.046935e-05   2.672174e-03  -1.636671e-05   1.013865e-04   1.706954e-06   1.902410e-06  -6.230336e-05
-1.118345e-06   3.538067e-03   5.596132e-07  -2.047065e-05   7.382859e-03   1.273070e-06   1.265693e-05   1.410628e-05  -9.703300e-05
 2.046935e-05   5.596132e-07   3.542486e-03   1.018557e-04   1.255836e-06   7.391672e-03   8.634453e-05   9.623190e-05   1.539843e-05
 2.672174e-03  -2.047065e-05   1.018557e-04   2.711810e-02  -1.076448e-04   4.988070e-04   3.602227e-06   4.014678e-06  -6.035233e-05
-1.636671e-05   7.382859e-03   1.255836e-06  -1.076448e-04   5.016117e-02   3.540632e-06   2.590376e-05   2.887002e-05  -1.982832e-04
 1.013865e-04   1.273070e-06   7.391672e-03   4.988070e-04   3.540632e-06   5.018065e-02   1.767697e-04   1.970118e-04   3.007310e-05
 1.706954e-06   1.265693e-05   8.634453e-05   3.602227e-06   2.590376e-05   1.767697e-04   3.361895e-03  -5.190589e-06  -8.240227e-10
 1.902410e-06   1.410628e-05   9.623190e-05   4.014678e-06   2.887002e-05   1.970118e-04  -5.190589e-06   3.360767e-03  -9.181681e-10
-6.230336e-05  -9.703300e-05   1.539843e-05  -6.035233e-05  -1.982832e-04   3.007310e-05  -8.240227e-10  -9.181681e-10   3.355531e-03

# timestamp: 1771539411.0056944
 2.892776e-03  -1.898150e-06   2.473372e-05   3.244536e-03  -1.851960e-05   1.113626e-04   1.778999e-06   1.982704e-06  -6.351040e-05
-1.898150e-06   4.053946e-03   6.116076e-07  -2.262355e-05   8.416082e-03   1.343883e-06   1.317501e-05   1.468368e-05  -1.009987e-04
 2.473372e-05   6.116076e-07   4.058725e-03   1.118319e-04   1.326648e-06   8.425285e-03   8.987992e-05   1.001721e-04   1.599989e-05
 3.244536e-03  -2.262355e-05   1.118319e-04   2.911810e-02  -1.076448e-04   4.988070e-04   3.602227e-06   4.014678e-06  -6.035233e-05
-1.851960e-05   8.416082e-03   1.326648e-06  -1.076448e-04   5.216117e-02   3.540632e-06   2.590376e-05   2.887002e-05  -1.982832e-04
 1.113626e-04   1.343883e-06   8.425285e-03   4.988070e-04   3.540632e-06   5.218065e-02   1.767697e-04   1.970118e-04   3.007310e-05
 1.778999e-06   1.317501e-05   8.987992e-05   3.602227e-06   2.590376e-05   1.767697e-04   5.361895e-03  -5.190589e-06  -8.240227e-10
 1.982704e-06   1.468368e-05   1.001721e-04   4.014678e-06   2.887002e-05   1.970118e-04  -5.190589e-06   5.360767e-03  -9.181681e-10
-6.351040e-05  -1.009987e-04   1.599989e-05  -6.035233e-05  -1.982832e-04   3.007310e-05  -8.240227e-10  -9.181681e-10   5.355531e-03

# timestamp: 1771539411.0329757
 2.664468e-03  -1.398141e-06   1.759240e-05   3.328230e-03  -1.456161e-05   8.402446e-05  -8.513065e-07  -9.487908e-07   3.231375e-05
-1.398141e-06   3.490517e-03   4.114974e-07  -1.712354e-05   7.228212e-03   9.077916e-07  -6.243806e-06  -6.958789e-06   4.805170e-05
 1.759240e-05   4.114974e-07   3.493614e-03   8.430829e-05   9.022382e-07   7.233866e-03  -4.273216e-05  -4.762545e-05  -7.644076e-06
 3.328230e-03  -1.712354e-05   8.430829e-05   3.115531e-02  -8.632396e-05   3.986864e-04  -1.743335e-06  -1.942969e-06   3.711169e-05
-1.456161e-05   7.228212e-03   9.022382e-07  -8.632396e-05   4.957695e-02   2.590440e-06  -1.251976e-05  -1.395341e-05   9.621782e-05
 8.402446e-05   9.077916e-07   7.233866e-03   3.986864e-04   2.590440e-06   4.958862e-02  -8.569909e-05  -9.551255e-05  -1.473210e-05
-8.513065e-07  -6.243806e-06  -4.273216e-05  -1.743335e-06  -1.251976e-05  -8.569909e-05   3.370474e-03  -1.983756e-06  -1.473856e-10
-9.487908e-07  -6.958789e-06  -4.762545e-05  -1.942969e-06  -1.395341e-05  -9.551255e-05  -1.983756e-06   3.370043e-03  -1.642700e-10
 3.231375e-05   4.805170e-05  -7.644076e-06   3.711169e-05   9.621782e-05  -1.473210e-05  -1.473856e-10  -1.642700e-10   3.368137e-03

# timestamp: 1771539411.0807307
 2.257902e-03   1.346344e-07   9.248217e-06   3.287285e-03  -7.577428e-06   5.002283e-05   5.624823e-07   6.268926e-07  -2.401389e-05
 1.346344e-07   2.697484e-03   3.208565e-07  -9.315570e-06   5.616479e-03   6.853223e-07   4.230996e-06   4.715490e-06  -3.262338e-05
 9.248217e-06   3.208565e-07   2.699868e-03   5.022767e-05   6.744780e-07   5.620567e-03   2.895313e-05   3.226857e-05   5.219292e-06
 3.287285e-03  -9.315570e-06   5.022767e-05   3.383871e-02  -5.612846e-05   2.670373e-04   1.198816e-06   1.336093e-06  -3.462770e-05
-7.577428e-06   5.616479e-03   6.744780e-07  -5.612846e-05   4.619082e-02   1.988947e-06   8.783258e-06   9.789035e-06  -6.766690e-05
 5.002283e-05   6.853223e-07   5.620567e-03   2.670373e-04   1.988947e-06   4.619886e-02   6.012815e-05   6.701347e-05   1.051005e-05
 5.624823e-07   4.230996e-06   2.895313e-05   1.198816e-06   8.783258e-06   6.012815e-05   2.374246e-03  -2.372311e-06  -8.654316e-11
 6.268926e-07   4.715490e-06   3.226857e-05   1.336093e-06   9.789035e-06   6.701347e-05  -2.372311e-06   2.373730e-03  -9.645299e-11
-2.401389e-05  -3.262338e-05   5.219292e-06  -3.462770e-05  -6.766690e-05   1.051005e-05  -8.654316e-11  -9.645299e-11   2.371551e-03

# timestamp: 1771539411.108742
 2.603267e-03  -4.497858e-07   1.138510e-05   3.993832e-03  -9.146327e-06   5.541146e-05   6.219725e-08   6.931949e-08  -2.620295e-06
-4.497858e-07   3.140802e-03   3.187630e-07  -1.075323e-05   6.569663e-03   6.622676e-07   4.673516e-07   5.208684e-07  -3.603474e-06
 1.138510e-05   3.187630e-07   3.143122e-03   5.559677e-05   6.542132e-07   6.573451e-03   3.198184e-06   3.564410e-06   5.758368e-07
 3.993832e-03  -1.075323e-05   5.559677e-05   3.583839e-02  -5.675599e-05   2.670909e-04   1.271412e-07   1.417002e-07  -3.672516e-06
-9.146327e-06   6.569663e-03   6.542132e-07  -5.675599e-05   4.818956e-02   1.863555e-06   9.315148e-07   1.038183e-06  -7.176560e-06
 5.541146e-05   6.622676e-07   6.573451e-03   2.670909e-04   1.863555e-06   4.819668e-02   6.376935e-06   7.107163e-06   1.114667e-06
 6.219725e-08   4.673516e-07   3.198184e-06   1.271412e-07   9.315148e-07   6.376935e-06   1.357607e-03  -2.664960e-08  -9.734350e-13
 6.931949e-08   5.208684e-07   3.564410e-06   1.417002e-07   1.038183e-06   7.107163e-06  -2.664960e-08   1.357602e-03  -1.084900e-12
-2.620295e-06  -3.603474e-06   5.758368e-07  -3.672516e-06  -7.176560e-06   1.114667e-06  -9.734350e-13  -1.084900e-12   1.357577e-03

# timestamp: 1771539411.1606524
 2.909700e-03   4.023018e-07   1.017931e-05   4.912878e-03  -5.904698e-06   4.575254e-05  -8.745896e-07  -9.747395e-07   3.850814e-05
 4.023018e-07   3.395492e-03   3.913716e-07  -7.394907e-06   7.050602e-03   7.755435e-07  -6.668563e-06  -7.432185e-06   5.140861e-05
 1.017931e-05   3.913716e-07   3.398316e-03   4.593728e-05   7.624341e-07   7.055246e-03  -4.554216e-05  -5.075722e-05  -8.243843e-06
 4.912878e-03  -7.394907e-06   4.593728e-05   3.955798e-02  -3.986248e-05   2.031298e-04  -1.774076e-06  -1.977227e-06   6.079166e-05
-5.904698e-06   7.050602e-03   7.624341e-07  -3.986248e-05   4.897272e-02   1.930468e-06  -1.328308e-05  -1.480413e-05   1.023254e-04
 4.575254e-05   7.755435e-07   7.055246e-03   2.031298e-04   1.930468e-06   4.898138e-02  -9.072173e-05  -1.011103e-04  -1.607828e-05
-8.745896e-07  -6.668563e-06  -4.554216e-05  -1.774076e-06  -1.328308e-05  -9.072173e-05   3.364738e-03  -1.818283e-06  -1.709455e-10
-9.747395e-07  -7.432185e-06  -5.075722e-05  -1.977227e-06  -1.480413e-05  -1.011103e-04  -1.818283e-06   3.364343e-03  -1.905206e-10
 3.850814e-05   5.140861e-05  -8.243843e-06   6.079166e-05   1.023254e-04  -1.607828e-05  -1.709455e-10  -1.905206e-10   3.362622e-03

# timestamp: 1771539411.2075853
 3.162542e-03  -6.318056e-08   8.984785e-06   5.692568e-03  -5.649305e-06   3.807457e-05   1.525673e-07   1.700379e-07  -6.146409e-06
-6.318056e-08   3.588840e-03   2.840579e-07  -6.591367e-06   7.467350e-03   5.336039e-07   1.017952e-06   1.134518e-06  -7.971656e-06
 8.984785e-06   2.840579e-07   3.590851e-03   3.818695e-05   5.273090e-07   7.470343e-03   7.067744e-06   7.877076e-06   1.282203e-06
 5.692568e-03  -6.591367e-06   3.818695e-05   4.240132e-02  -3.183304e-05   1.595757e-04   2.973134e-07   3.313590e-07  -1.018842e-05
-5.649305e-06   7.467350e-03   5.273090e-07  -3.183304e-05   4.979540e-02   1.351405e-06   2.000896e-06   2.230020e-06  -1.565424e-05
 3.807457e-05   5.336039e-07   7.470343e-03   1.595757e-04   1.351405e-06   4.980081e-02   1.388755e-05   1.547782e-05   2.478672e-06
 1.525673e-07   1.017952e-06   7.067744e-06   2.973134e-07   2.000896e-06   1.388755e-05   3.372145e-03  -1.197568e-07   1.492486e-12
 1.700379e-07   1.134518e-06   7.877076e-06   3.313590e-07   2.230020e-06   1.547782e-05  -1.197568e-07   3.372119e-03   1.663391e-12
-6.146409e-06  -7.971656e-06   1.282203e-06  -1.018842e-05  -1.565424e-05   2.478672e-06   1.492486e-12   1.663391e-12   3.372010e-03

# timestamp: 1771539411.2677672
 4.607390e-03  -9.191341e-07   1.413571e-05   8.446640e-03  -7.571434e-06   4.765041e-05   7.770445e-09   8.660244e-09  -3.081490e-07
-9.191341e-07   5.273276e-03   3.517331e-07  -8.511785e-06   1.066506e-02   6.131666e-07   5.189258e-08   5.783483e-08  -4.063338e-07
 1.413571e-05   3.517331e-07   5.275659e-03   4.776256e-05   6.069060e-07   1.066836e-02   3.602821e-07   4.015382e-07   6.524951e-08
 8.446640e-03  -8.511785e-06   4.776256e-05   4.840131e-02  -3.185137e-05   1.595775e-04   1.355737e-08   1.510983e-08  -4.645878e-07
-7.571434e-06   1.066506e-02   6.069060e-07  -3.185137e-05   5.579537e-02   1.348726e-06   9.123999e-08   1.016879e-07  -7.138268e-07
 4.765041e-05   6.131666e-07   1.066836e-02   1.595775e-04   1.348726e-06   5.580076e-02   6.332663e-07   7.057821e-07   1.130264e-07
 7.770445e-09   5.189258e-08   3.602821e-07   1.355737e-08   9.123999e-08   6.332663e-07   1.381760e-03  -2.490060e-10   3.103358e-15
 8.660244e-09   5.783483e-08   4.015382e-07   1.510983e-08   1.016879e-07   7.057821e-07  -2.490060e-10   1.381760e-03   3.458725e-15
-3.081490e-07  -4.063338e-07   6.524951e-08  -4.645878e-07  -7.138268e-07   1.130264e-07   3.103358e-15   3.458725e-15   1.381760e-03

# timestamp: 1771539411.3119013
 3.537695e-03   7.444104e-06   5.859863e-06   6.453504e-03   1.104676e-05   2.359440e-05  -3.427988e-06  -3.820529e-06   1.662712e-04
 7.444104e-06   3.862106e-03   1.096309e-06   9.360442e-06   7.643653e-03   2.126001e-06  -2.692974e-05  -3.001348e-05   2.083254e-04
 5.859863e-06   1.096309e-06   3.870432e-03   2.382938e-05   2.098924e-06   7.659109e-03  -1.839889e-04  -2.050576e-04  -3.351904e-05
 6.453504e-03   9.360442e-06   2.382938e-05   4.500704e-02   9.078360e-06   9.085302e-05  -6.851158e-06  -7.635689e-06   3.030925e-04
 1.104676e-05   7.643653e-03   2.098924e-06   9.078360e-06   4.938402e-02   4.374021e-06  -5.330782e-05  -5.941214e-05   4.122639e-04
 2.359440e-05   2.126001e-06   7.659109e-03   9.085302e-05   4.374021e-06   4.941436e-02  -3.642176e-04  -4.059244e-04  -6.579112e-05
-3.427988e-06  -2.692974e-05  -1.839889e-04  -6.851158e-06  -5.330782e-05  -3.642176e-04   4.367271e-03  -1.614860e-05  -1.754810e-09
-3.820529e-06  -3.001348e-05  -2.050576e-04  -7.635689e-06  -5.941214e-05  -4.059244e-04  -1.614860e-05   4.363763e-03  -1.955754e-09
 1.662712e-04   2.083254e-04  -3.351904e-05   3.030925e-04   4.122639e-04  -6.579112e-05  -1.754810e-09  -1.955754e-09   4.348548e-03

# timestamp: 1771539411.349439
 4.801063e-03   8.487160e-06   8.458184e-06   8.853856e-03   1.150068e-05   2.813705e-05  -3.770546e-06  -4.202313e-06   1.814258e-04
 8.487160e-06   5.255431e-03   1.318490e-06   9.814360e-06   1.026285e-02   2.344702e-06  -2.959513e-05  -3.298409e-05   2.289385e-04
 8.458184e-06   1.318490e-06   5.265378e-03   2.837203e-05   2.317625e-06   1.027983e-02  -2.021998e-04  -2.253538e-04  -3.680859e-05
 8.853856e-03   9.814360e-06   2.837203e-05   5.000704e-02   9.078360e-06   9.085302e-05  -6.851158e-06  -7.635689e-06   3.030925e-04
 1.150068e-05   1.026285e-02   2.317625e-06   9.078360e-06   5.438402e-02   4.374021e-06  -5.330782e-05  -5.941214e-05   4.122639e-04
 2.813705e-05   2.344702e-06   1.027983e-02   9.085302e-05   4.374021e-06   5.441436e-02  -3.642176e-04  -4.059244e-04  -6.579112e-05
-3.770546e-06  -2.959513e-05  -2.021998e-04  -6.851158e-06  -5.330782e-05  -3.642176e-04   9.367271e-03  -1.614860e-05  -1.754810e-09
-4.202313e-06  -3.298409e-05  -2.253538e-04  -7.635689e-06  -5.941214e-05  -4.059244e-04  -1.614860e-05   9.363763e-03  -1.955754e-09
 1.814258e-04   2.289385e-04  -3.680859e-05   3.030925e-04   4.122639e-04  -6.579112e-05  -1.754810e-09  -1.955754e-09   9.348548e-03

# timestamp: 1771539411.3881705
 2.983406e-03   1.709963e-06   2.672333e-06   5.663339e-03   9.091759e-07   1.102373e-05   7.759952e-08   8.648549e-08  -3.654402e-06
 1.709963e-06   3.121055e-03   2.810840e-07   5.037339e-07   6.193412e-03   4.437517e-07   5.687461e-07   6.338737e-07  -4.431800e-06
