# timestamp: 1762289051.941514
 1.012049e-02  -2.889491e-08  -1.309848e-08   7.303848e-04  -1.908960e-06   1.905934e-08   1.098087e-06   7.338442e-06   1.329886e-06  -1.799210e-07   2.103004e-08  -2.529592e-08  -4.478951e-09  -6.205188e-09  -2.795591e-09
-2.889491e-08   1.012051e-02  -2.171422e-09  -1.958505e-06   7.318095e-04   1.163502e-07  -8.312414e-06  -1.214806e-06  -8.751125e-07   2.100632e-08  -1.953956e-07  -1.734801e-08   9.987373e-09   4.827636e-09   2.273512e-09
-1.309848e-08  -2.171422e-09   1.012040e-02  -2.854190e-07   8.042272e-08   7.279936e-04   3.577007e-07  -1.196664e-06  -1.798003e-07   2.521788e-08   1.745921e-08  -1.652611e-07  -2.963345e-09   4.557852e-09   6.080341e-10
 7.303848e-04  -1.958505e-06  -2.854190e-07   1.077929e-02  -8.960128e-05  -9.161885e-07   1.230042e-04   1.879321e-04   4.179760e-05  -4.102251e-06   2.037915e-06  -4.860260e-08  -7.007269e-07  -2.027456e-07  -1.177889e-07
-1.908960e-06   7.318095e-04   8.042272e-08  -8.960128e-05   1.084306e-02   3.477589e-06  -2.771649e-04  -1.226939e-04  -4.331112e-05   2.027375e-06  -5.578256e-06  -5.685862e-09   6.838943e-07   6.806420e-07   1.723381e-07
 1.905934e-08   1.163502e-07   7.279936e-04  -9.161885e-07   3.477589e-06   1.070023e-02  -9.538410e-06   3.108729e-06  -2.620387e-07   3.476500e-08   2.537344e-08  -2.677792e-06   1.222166e-07  -2.054047e-07  -1.640368e-08
 1.098087e-06  -8.312414e-06   3.577007e-07   1.230042e-04  -2.771649e-04  -9.538410e-06   6.525341e-04  -2.922465e-21   0.000000e+00   0.000000e+00   0.000000e+00   0.000000e+00  -5.610535e-06   2.676007e-23   0.000000e+00
 7.338442e-06  -1.214806e-06  -1.196664e-06   1.879321e-04  -1.226939e-04   3.108729e-06  -2.357446e-21   6.525341e-04   0.000000e+00   0.000000e+00   0.000000e+00   0.000000e+00   1.455372e-23  -5.610535e-06   0.000000e+00
 1.329886e-06  -8.751125e-07  -1.798003e-07   4.179760e-05  -4.331112e-05  -2.620387e-07   0.000000e+00   0.000000e+00   1.000560e-03   0.000000e+00   0.000000e+00   0.000000e+00   0.000000e+00   0.000000e+00  -7.002800e-06
-1.799210e-07   2.100632e-08   2.521788e-08  -4.102251e-06   2.027375e-06   3.476500e-08   0.000000e+00   0.000000e+00   0.000000e+00   1.000700e-04   0.000000e+00   0.000000e+00   0.000000e+00   0.000000e+00   0.000000e+00
 2.103004e-08  -1.953956e-07   1.745921e-08   2.037915e-06  -5.578256e-06   2.537344e-08   0.000000e+00   0.000000e+00   0.000000e+00   0.000000e+00   1.000700e-04   0.000000e+00   0.000000e+00   0.000000e+00   0.000000e+00
-2.529592e-08  -1.734801e-08  -1.652611e-07  -4.860260e-08  -5.685862e-09  -2.677792e-06   0.000000e+00   0.000000e+00   0.000000e+00   0.000000e+00   0.000000e+00   1.000700e-04   0.000000e+00   0.000000e+00   0.000000e+00
-4.478951e-09   9.987373e-09  -2.963345e-09  -7.007269e-07   6.838943e-07   1.222166e-07  -5.610535e-06  -1.790878e-23   0.000000e+00   0.000000e+00   0.000000e+00   0.000000e+00   1.000618e-04   1.295540e-25   0.000000e+00
-6.205188e-09   4.827636e-09   4.557852e-09  -2.027456e-07   6.806420e-07  -2.054047e-07  -3.741126e-23  -5.610535e-06   0.000000e+00   0.000000e+00   0.000000e+00   0.000000e+00   2.692959e-25   1.000618e-04   0.000000e+00
-2.795591e-09   2.273512e-09   6.080341e-10  -1.177889e-07   1.723381e-07  -1.640368e-08   0.000000e+00   0.000000e+00  -7.002800e-06   0.000000e+00   0.000000e+00   0.000000e+00   0.000000e+00   0.000000e+00   1.000700e-04

# timestamp: 1762289052.648778
 1.063115e-02  -3.786441e-06  -3.415033e-07   2.226000e-03  -4.237970e-05   2.536737e-06   2.022918e-05   2.334136e-05   8.928452e-06  -7.963771e-07   5.711803e-07  -2.970580e-07  -9.909979e-08   2.810361e-07  -2.930199e-08
-3.786441e-06   1.063573e-02   5.245641e-08  -3.194961e-05   2.279081e-03  -1.470963e-05  -4.781110e-05  -2.223368e-05  -1.221999e-05   6.008387e-07  -1.440712e-06  -1.904934e-07  -7.517042e-08   1.546363e-07   8.897389e-08
-3.415033e-07   5.245641e-08   1.062895e-02   7.834689e-07   4.561855e-06   2.214106e-03   3.987215e-06  -9.066138e-06  -2.020637e-06   2.591386e-07   1.434682e-07  -5.349056e-07  -7.346640e-08   6.086271e-08   1.567616e-08
 2.226000e-03  -3.194961e-05   7.834689e-07   1.214988e-02  -2.976433e-04   8.382407e-05   2.350320e-04   6.508015e-05   4.725164e-05  -2.411835e-06   6.968184e-06  -6.504117e-06  -2.412316e-06   3.697790e-06  -5.388628e-09
-4.237970e-05   2.279081e-03   4.561855e-06  -2.976433e-04   1.274549e-02  -7.528227e-05  -3.987438e-04  -3.656098e-04  -1.508938e-04   9.775860e-06  -1.145695e-05  -1.312735e-06   7.721830e-07   6.020186e-06   1.641483e-06
 2.536737e-06  -1.470963e-05   2.214106e-03   8.382407e-05  -7.528227e-05   1.210299e-02   1.748660e-04  -1.058452e-04  -7.587920e-06   2.791111e-06   4.575582e-06  -4.804002e-07  -4.511590e-06   1.097665e-06  -5.747010e-08
 2.022918e-05  -4.781110e-05   3.987215e-06   2.350320e-04  -3.987438e-04   1.748660e-04   4.074054e-04   1.479232e-20   0.000000e+00   0.000000e+00   0.000000e+00   0.000000e+00  -1.378358e-05  -4.667865e-22   0.000000e+00
 2.334136e-05  -2.223368e-05  -9.066138e-06   6.508015e-05  -3.656098e-04  -1.058452e-04   1.611930e-20   4.074054e-04   0.000000e+00   0.000000e+00   0.000000e+00   0.000000e+00  -4.467638e-22  -1.378358e-05   0.000000e+00
 8.928452e-06  -1.221999e-05  -2.020637e-06   4.725164e-05  -1.508938e-04  -7.587920e-06   0.000000e+00   0.000000e+00   1.004203e-03   0.000000e+00   0.000000e+00   0.000000e+00   0.000000e+00   0.000000e+00  -2.002100e-05
-7.963771e-07   6.008387e-07   2.591386e-07  -2.411835e-06   9.775860e-06   2.791111e-06   0.000000e+00   0.000000e+00   0.000000e+00   1.002000e-04   0.000000e+00   0.000000e+00   0.000000e+00   0.000000e+00   0.000000e+00
 5.711803e-07  -1.440712e-06   1.434682e-07   6.968184e-06  -1.145695e-05   4.575582e-06   0.000000e+00   0.000000e+00   0.000000e+00   0.000000e+00   1.002000e-04   0.000000e+00   0.000000e+00   0.000000e+00   0.000000e+00
-2.970580e-07  -1.904934e-07  -5.349056e-07  -6.504117e-06  -1.312735e-06  -4.804002e-07   0.000000e+00   0.000000e+00   0.000000e+00   0.000000e+00   0.000000e+00   1.002000e-04   0.000000e+00   0.000000e+00   0.000000e+00
-9.909979e-08  -7.517042e-08  -7.346640e-08  -2.412316e-06   7.721830e-07  -4.511590e-06  -1.378358e-05  -4.317200e-22   0.000000e+00   0.000000e+00   0.000000e+00   0.000000e+00   1.000847e-04   1.233894e-23   0.000000e+00
 2.810361e-07   1.546363e-07   6.086271e-08   3.697790e-06   6.020186e-06   1.097665e-06  -4.398268e-22  -1.378358e-05   0.000000e+00   0.000000e+00   0.000000e+00   0.000000e+00   1.251923e-23   1.000847e-04   0.000000e+00
-2.930199e-08   8.897389e-08   1.567616e-08  -5.388628e-09   1.641483e-06  -5.747010e-08   0.000000e+00   0.000000e+00  -2.002100e-05   0.000000e+00   0.000000e+00   0.000000e+00   0.000000e+00   0.000000e+00   1.002000e-04

# timestamp: 1762289053.0155675
 1.114586e-02  -9.796952e-06   6.893581e-07   3.227159e-03  -6.287800e-05   8.768387e-06   3.431065e-05   1.825583e-05   1.134116e-05  -8.182896e-07   1.213888e-06  -9.281482e-07  -6.178907e-08   9.934803e-07   1.033810e-09
-9.796952e-06   1.116191e-02  -7.775359e-07  -3.737400e-05   3.344239e-03  -1.285117e-05  -6.649028e-05  -4.732008e-05  -2.614973e-05   1.548967e-06  -2.382398e-06  -3.824946e-07  -6.072525e-07   4.213449e-07   2.595941e-07
 6.893581e-07  -7.775359e-07   1.114260e-02   1.620741e-05   4.924280e-06   3.218602e-03   1.540763e-05  -1.562386e-05  -2.935510e-06   5.187062e-07   5.220297e-07  -5.075381e-07  -3.152197e-07   4.851613e-08   1.683121e-08
 3.227159e-03  -3.737400e-05   1.620741e-05   1.302239e-02  -1.433827e-04   1.488352e-04   2.537213e-04  -9.695158e-05   6.222506e-06   2.572997e-06   9.258339e-06  -9.511016e-06  -3.086146e-06   1.053747e-05   9.599524e-07
-6.287800e-05   3.344239e-03   4.924280e-06  -1.433827e-04   1.379211e-02   4.288615e-07  -3.519834e-04  -4.396541e-04  -2.006313e-04   1.438346e-05  -1.195827e-05  -4.007460e-06  -1.360633e-06   8.964841e-06   2.790335e-06
 8.768387e-06  -1.285117e-05   3.218602e-03   1.488352e-04   4.288615e-07   1.291125e-02   1.512914e-04  -1.191507e-04  -1.678650e-05   3.754154e-06   4.629535e-06   1.143926e-06  -3.353767e-06   1.595367e-06   1.590643e-07
 3.431065e-05  -6.649028e-05   1.540763e-05   2.537213e-04  -3.519834e-04   1.512914e-04   3.369308e-04   1.684999e-20   0.000000e+00   0.000000e+00   0.000000e+00   0.000000e+00  -1.860437e-05  -5.839442e-22   0.000000e+00
 1.825583e-05  -4.732008e-05  -1.562386e-05  -9.695158e-05  -4.396541e-04  -1.191507e-04   1.727376e-20   3.369308e-04   0.000000e+00   0.000000e+00   0.000000e+00   0.000000e+00  -5.406213e-22  -1.860437e-05   0.000000e+00
 1.134116e-05  -2.614973e-05  -2.935510e-06   6.222506e-06  -2.006313e-04  -1.678650e-05   0.000000e+00   0.000000e+00   1.008128e-03   0.000000e+00   0.000000e+00   0.000000e+00   0.000000e+00   0.000000e+00  -2.804060e-05
-8.182896e-07   1.548967e-06   5.187062e-07   2.572997e-06   1.438346e-05   3.754154e-06   0.000000e+00   0.000000e+00   0.000000e+00   1.002800e-04   0.000000e+00   0.000000e+00   0.000000e+00   0.000000e+00   0.000000e+00
 1.213888e-06  -2.382398e-06   5.220297e-07   9.258339e-06  -1.195827e-05   4.629535e-06   0.000000e+00   0.000000e+00   0.000000e+00   0.000000e+00   1.002800e-04   0.000000e+00   0.000000e+00   0.000000e+00   0.000000e+00
-9.281482e-07  -3.824946e-07  -5.075381e-07  -9.511016e-06  -4.007460e-06   1.143926e-06   0.000000e+00   0.000000e+00   0.000000e+00   0.000000e+00   0.000000e+00   1.002800e-04   0.000000e+00   0.000000e+00   0.000000e+00
-6.178907e-08  -6.072525e-07  -3.152197e-07  -3.086146e-06  -1.360633e-06  -3.353767e-06  -1.860437e-05  -5.696961e-22   0.000000e+00   0.000000e+00   0.000000e+00   0.000000e+00   1.000235e-04   1.942408e-23   0.000000e+00
 9.934803e-07   4.213449e-07   4.851613e-08   1.053747e-05   8.964841e-06   1.595367e-06  -4.292328e-22  -1.860437e-05   0.000000e+00   0.000000e+00   0.000000e+00   0.000000e+00   1.378377e-23   1.000235e-04   0.000000e+00
 1.033810e-09   2.595941e-07   1.683121e-08   9.599524e-07   2.790335e-06   1.590643e-07   0.000000e+00   0.000000e+00  -2.804060e-05   0.000000e+00   0.000000e+00   0.000000e+00   0.000000e+00   0.000000e+00   1.002800e-04

# timestamp: 1762289053.2735515
 1.173184e-02  -1.500970e-05   3.315561e-06   4.163607e-03  -6.319213e-05   2.068414e-05   4.637738e-05   7.060407e-06   1.075355e-05  -5.265540e-07   1.893436e-06  -1.708020e-06   1.137918e-07   2.001138e-06   9.934707e-08
-1.500970e-05   1.176582e-02  -1.351042e-06  -1.635793e-05   4.346824e-03  -1.357542e-05  -7.984784e-05  -7.275678e-05  -4.167713e-05   2.699548e-06  -3.203665e-06  -6.939291e-07  -1.455843e-06   6.503598e-07   4.963026e-07
 3.315561e-06  -1.351042e-06   1.172769e-02   3.453532e-05   1.125115e-05   4.150257e-03   2.466314e-05  -2.100809e-05  -3.773360e-06   7.770390e-07   9.074799e-07  -4.140665e-07  -4.284734e-07  -4.129344e-08   1.840086e-08
 4.163607e-03  -1.635793e-05   3.453532e-05   1.383694e-02   9.225469e-05   1.954746e-04   2.429239e-04  -1.994711e-04  -3.405073e-05   6.819030e-06   1.028928e-05  -1.246207e-05  -2.310212e-06   1.710161e-05   2.212929e-06
-6.319213e-05   4.346824e-03   1.125115e-05   9.225469e-05   1.472238e-02   3.175408e-05  -3.023394e-04  -5.010880e-04  -2.433206e-04   1.858733e-05  -1.145682e-05  -6.008120e-06  -4.598776e-06   1.246798e-05   4.077762e-06
 2.068414e-05  -1.357542e-05   4.150257e-03   1.954746e-04   3.175408e-05   1.361545e-02   1.497634e-04  -1.074160e-04  -1.541701e-05   3.821168e-06   5.183452e-06   1.467539e-06  -2.770897e-06   8.551754e-07   1.458815e-07
 4.637738e-05  -7.984784e-05   2.466314e-05   2.429239e-04  -3.023394e-04   1.497634e-04   2.995396e-04   2.061263e-20   0.000000e+00   0.000000e+00   0.000000e+00   0.000000e+00  -2.290643e-05  -8.936429e-22   0.000000e+00
 7.060407e-06  -7.275678e-05  -2.100809e-05  -1.994711e-04  -5.010880e-04  -1.074160e-04   1.919944e-20   2.995396e-04   0.000000e+00   0.000000e+00   0.000000e+00   0.000000e+00  -7.298538e-22  -2.290643e-05   0.000000e+00
 1.075355e-05  -4.167713e-05  -3.773360e-06  -3.405073e-05  -2.433206e-04  -1.541701e-05   0.000000e+00   0.000000e+00   1.012615e-03   0.000000e+00   0.000000e+00   0.000000e+00   0.000000e+00   0.000000e+00  -3.506300e-05
-5.265540e-07   2.699548e-06   7.770390e-07   6.819030e-06   1.858733e-05   3.821168e-06   0.000000e+00   0.000000e+00   0.000000e+00   1.003500e-04   0.000000e+00   0.000000e+00   0.000000e+00   0.000000e+00   0.000000e+00
 1.893436e-06  -3.203665e-06   9.074799e-07   1.028928e-05  -1.145682e-05   5.183452e-06   0.000000e+00   0.000000e+00   0.000000e+00   0.000000e+00   1.003500e-04   0.000000e+00   0.000000e+00   0.000000e+00   0.000000e+00
-1.708020e-06  -6.939291e-07  -4.140665e-07  -1.246207e-05  -6.008120e-06   1.467539e-06   0.000000e+00   0.000000e+00   0.000000e+00   0.000000e+00   0.000000e+00   1.003500e-04   0.000000e+00   0.000000e+00   0.000000e+00
 1.137918e-07  -1.455843e-06  -4.284734e-07  -2.310212e-06  -4.598776e-06  -2.770897e-06  -2.290643e-05  -6.976475e-22   0.000000e+00   0.000000e+00   0.000000e+00   0.000000e+00   9.991239e-05   3.152693e-23   0.000000e+00
 2.001138e-06   6.503598e-07  -4.129344e-08   1.710161e-05   1.246798e-05   8.551754e-07  -7.100499e-22  -2.290643e-05   0.000000e+00   0.000000e+00   0.000000e+00   0.000000e+00   3.706231e-23   9.991239e-05   0.000000e+00
 9.934707e-08   4.963026e-07   1.840086e-08   2.212929e-06   4.077762e-06   1.458815e-07   0.000000e+00   0.000000e+00  -3.506300e-05   0.000000e+00   0.000000e+00   0.000000e+00   0.000000e+00   0.000000e+00   1.003500e-04

# timestamp: 1762289053.4977367
 1.234106e-02  -1.693121e-05   7.102538e-06   5.013685e-03  -4.464723e-05   2.953049e-05   5.471741e-05  -6.190499e-06   8.077789e-06  -4.637797e-08   2.534983e-06  -2.551988e-06   5.392817e-07   3.112674e-06   2.549759e-07
-1.693121e-05   1.239612e-02  -1.547194e-06   2.522342e-05   5.252625e-03  -1.054531e-05  -8.716724e-05  -9.460369e-05  -5.743723e-05   3.927717e-06  -3.884220e-06  -1.060195e-06  -2.690802e-06   6.285254e-07   7.802718e-07
 7.102538e-06  -1.547194e-06   1.233536e-02   5.208841e-05   1.931973e-05   4.985741e-03   3.180822e-05  -2.442501e-05  -4.328238e-06   1.002945e-06   1.287965e-06  -3.111553e-07  -4.030148e-07  -2.631117e-07   1.377830e-08
 5.013685e-03   2.522342e-05   5.208841e-05   1.457157e-02   3.383301e-04   2.070312e-04   2.229430e-04  -2.716107e-04  -7.237274e-05   1.066572e-05   1.078393e-05  -1.472374e-05  -4.183993e-07   2.317448e-05   3.658142e-06
-4.464723e-05   5.252625e-03   1.931973e-05   3.383301e-04   1.548422e-02   5.855667e-05  -2.541524e-04  -5.295325e-04  -2.742940e-04   2.198352e-05  -1.061691e-05  -8.000280e-06  -8.864086e-06   1.421944e-05   5.180456e-06
 2.953049e-05  -1.054531e-05   4.985741e-03   2.070312e-04   5.855667e-05   1.419991e-02   1.329491e-04  -9.201770e-05  -1.377376e-05   3.684496e-06   5.189109e-06   1.201303e-06  -6.207745e-07  -5.103301e-07   1.169118e-07
 5.471741e-05  -8.716724e-05   3.180822e-05   2.229430e-04  -2.541524e-04   1.329491e-04   2.701297e-04   2.095769e-20   0.000000e+00   0.000000e+00   0.000000e+00   0.000000e+00  -2.600175e-05  -1.019109e-21   0.000000e+00
-6.190499e-06  -9.460369e-05  -2.442501e-05  -2.716107e-04  -5.295325e-04  -9.201770e-05   1.858274e-20   2.701297e-04   0.000000e+00   0.000000e+00   0.000000e+00   0.000000e+00  -7.718253e-22  -2.600175e-05   0.000000e+00
 8.077789e-06  -5.743723e-05  -4.328238e-06  -7.237274e-05  -2.742940e-04  -1.377376e-05   0.000000e+00   0.000000e+00   1.017244e-03   0.000000e+00   0.000000e+00   0.000000e+00   0.000000e+00   0.000000e+00  -4.108610e-05
-4.637797e-08   3.927717e-06   1.002945e-06   1.066572e-05   2.198352e-05   3.684496e-06   0.000000e+00   0.000000e+00   0.000000e+00   1.004100e-04   0.000000e+00   0.000000e+00   0.000000e+00   0.000000e+00   0.000000e+00
 2.534983e-06  -3.884220e-06   1.287965e-06   1.078393e-05  -1.061691e-05   5.189109e-06   0.000000e+00   0.000000e+00   0.000000e+00   0.000000e+00   1.004100e-04   0.000000e+00   0.000000e+00   0.000000e+00   0.000000e+00
-2.551988e-06  -1.060195e-06  -3.111553e-07  -1.472374e-05  -8.000280e-06   1.201303e-06   0.000000e+00   0.000000e+00   0.000000e+00   0.000000e+00   0.000000e+00   1.004100e-04   0.000000e+00   0.000000e+00   0.000000e+00
 5.392817e-07  -2.690802e-06  -4.030148e-07  -4.183993e-07  -8.864086e-06  -6.207745e-07  -2.600175e-05  -7.837635e-22   0.000000e+00   0.000000e+00   0.000000e+00   0.000000e+00   9.971297e-05   4.804770e-23   0.000000e+00
 3.112674e-06   6.285254e-07  -2.631117e-07   2.317448e-05   1.421944e-05  -5.103301e-07  -8.161990e-22  -2.600175e-05   0.000000e+00   0.000000e+00   0.000000e+00   0.000000e+00   5.571635e-23   9.971297e-05   0.000000e+00
 2.549759e-07   7.802718e-07   1.377830e-08   3.658142e-06   5.180456e-06   1.169118e-07   0.000000e+00   0.000000e+00  -4.108610e-05   0.000000e+00   0.000000e+00   0.000000e+00   0.000000e+00   0.000000e+00   1.004100e-04

# timestamp: 1762289053.7574513
 1.318425e-02  -1.343646e-05   1.316304e-05   6.065712e-03   1.984354e-06   4.601944e-05   6.339335e-05  -2.542192e-05   2.006180e-06   8.099803e-07   3.306090e-06  -3.704329e-06   1.271982e-06   4.705155e-06   5.523762e-07
-1.343646e-05   1.327140e-02  -9.160493e-07   9.600480e-05   6.377632e-03  -1.976236e-05  -9.365367e-05  -1.220653e-04  -7.816124e-05   5.612596e-06  -4.594026e-06  -1.642953e-06  -4.525320e-06   5.228098e-07   1.202531e-06
 1.316304e-05  -9.160493e-07   1.317379e-02   7.161323e-05   3.390441e-05   6.008065e-03   3.868725e-05  -2.739953e-05  -4.841508e-06   1.243135e-06   1.723579e-06  -2.330648e-07  -1.521517e-07  -6.768357e-07   3.569742e-09
 6.065712e-03   9.600480e-05   7.161323e-05   1.545136e-02   6.509339e-04   2.239875e-04   2.019787e-04  -3.370430e-04  -1.093306e-04   1.472782e-05   1.124537e-05  -1.806822e-05   1.892390e-06   2.994955e-05   5.255027e-06
 1.984354e-06   6.377632e-03   3.390441e-05   6.509339e-04   1.645548e-02   5.063189e-05  -2.031955e-04  -5.748212e-04  -3.184464e-04   2.640137e-05  -9.389453e-06  -9.544639e-06  -1.429707e-05   1.855565e-05   7.058116e-06
 4.601944e-05  -1.976236e-05   6.008065e-03   2.239875e-04   5.063189e-05   1.491040e-02   1.449185e-04  -7.150026e-05  -1.216348e-05   3.195895e-06   6.397051e-06   7.859155e-07  -1.500543e-06  -2.689419e-06   8.591859e-08
 6.339335e-05  -9.365367e-05   3.868725e-05   2.019787e-04  -2.031955e-04   1.449185e-04   2.473851e-04   2.137543e-20   0.000000e+00   0.000000e+00   0.000000e+00   0.000000e+00  -3.002752e-05  -1.168281e-21   0.000000e+00
-2.542192e-05  -1.220653e-04  -2.739953e-05  -3.370430e-04  -5.748212e-04  -7.150026e-05   1.876175e-20   2.473851e-04   0.000000e+00   0.000000e+00   0.000000e+00   0.000000e+00  -8.930397e-22  -3.002752e-05   0.000000e+00
 2.006180e-06  -7.816124e-05  -4.841508e-06  -1.093306e-04  -3.184464e-04  -1.216348e-05   0.000000e+00   0.000000e+00   1.023558e-03   0.000000e+00   0.000000e+00   0.000000e+00   0.000000e+00   0.000000e+00  -4.811760e-05
 8.099803e-07   5.612596e-06   1.243135e-06   1.472782e-05   2.640137e-05   3.195895e-06   0.000000e+00   0.000000e+00   0.000000e+00   1.004800e-04   0.000000e+00   0.000000e+00   0.000000e+00   0.000000e+00   0.000000e+00
 3.306090e-06  -4.594026e-06   1.723579e-06   1.124537e-05  -9.389453e-06   6.397051e-06   0.000000e+00   0.000000e+00   0.000000e+00   0.000000e+00   1.004800e-04   0.000000e+00   0.000000e+00   0.000000e+00   0.000000e+00
-3.704329e-06  -1.642953e-06  -2.330648e-07  -1.806822e-05  -9.544639e-06   7.859155e-07   0.000000e+00   0.000000e+00   0.000000e+00   0.000000e+00   0.000000e+00   1.004800e-04   0.000000e+00   0.000000e+00   0.000000e+00
 1.271982e-06  -4.525320e-06  -1.521517e-07   1.892390e-06  -1.429707e-05  -1.500543e-06  -3.002752e-05  -1.001312e-21   0.000000e+00   0.000000e+00   0.000000e+00   0.000000e+00   9.945747e-05   8.482870e-23   0.000000e+00
 4.705155e-06   5.228098e-07  -6.768357e-07   2.994955e-05   1.855565e-05  -2.689419e-06  -9.556217e-22  -3.002752e-05   0.000000e+00   0.000000e+00   0.000000e+00   0.000000e+00   8.380368e-23   9.945747e-05   0.000000e+00
 5.523762e-07   1.202531e-06   3.569742e-09   5.255027e-06   7.058116e-06   8.591859e-08   0.000000e+00   0.000000e+00  -4.811760e-05   0.000000e+00   0.000000e+00   0.000000e+00   0.000000e+00   0.000000e+00   1.004800e-04

# timestamp: 1762289053.9667587
 1.402710e-02  -3.547276e-06   1.944407e-05   7.031972e-03   5.089849e-05   4.824597e-05   6.926230e-05  -4.402028e-05  -5.493925e-06   1.798992e-06   4.017854e-06  -4.817090e-06   2.233989e-06   6.202212e-06   9.103935e-07
-3.547276e-06   1.414612e-02   9.424035e-07   1.729845e-04   7.393667e-03   1.142163e-05  -9.610941e-05  -1.438832e-04  -9.806667e-05   7.271504e-06  -5.159767e-06  -2.295350e-06  -6.666669e-06  -1.104800e-07   1.659895e-06
 1.944407e-05   9.424035e-07   1.400796e-02   9.433803e-05   4.181976e-05   6.915935e-03   4.224835e-05  -2.918182e-05  -5.847059e-06   1.454847e-06   2.065910e-06  -1.658174e-07   4.396680e-07  -1.180237e-06   2.130209e-08
 7.031972e-03   1.729845e-04   9.433803e-05   1.632487e-02   8.870849e-04   2.457271e-04   2.112880e-04  -3.955141e-04  -1.477520e-04   1.896308e-05   1.268773e-05  -1.921019e-05   7.952112e-07   3.709745e-05   7.138171e-06
 5.089849e-05   7.393667e-03   4.181976e-05   8.870849e-04   1.724490e-02   1.352049e-04  -1.925184e-04  -5.829723e-04  -3.478952e-04   2.936521e-05  -9.451575e-06  -1.275393e-05  -1.568342e-05   1.913036e-05   8.490176e-06
 4.824597e-05   1.142163e-05   6.915935e-03   2.457271e-04   1.352049e-04   1.547791e-02   9.798922e-05  -8.161437e-05  -2.537538e-05   3.972420e-06   4.703922e-06   1.540043e-06   4.672621e-06  -1.404464e-06   7.416437e-07
 6.926230e-05  -9.610941e-05   4.224835e-05   2.112880e-04  -1.925184e-04   9.798922e-05   2.285576e-04   2.261781e-20   0.000000e+00   0.000000e+00   0.000000e+00   0.000000e+00  -3.289690e-05  -1.484758e-21   0.000000e+00
-4.402028e-05  -1.438832e-04  -2.918182e-05  -3.955141e-04  -5.829723e-04  -8.161437e-05   1.918856e-20   2.285576e-04   0.000000e+00   0.000000e+00   0.000000e+00   0.000000e+00  -1.093707e-21  -3.289690e-05   0.000000e+00
-5.493925e-06  -9.806667e-05  -5.847059e-06  -1.477520e-04  -3.478952e-04  -2.537538e-05   0.000000e+00   0.000000e+00   1.029754e-03   0.000000e+00   0.000000e+00   0.000000e+00   0.000000e+00   0.000000e+00  -5.414850e-05
 1.798992e-06   7.271504e-06   1.454847e-06   1.896308e-05   2.936521e-05   3.972420e-06   0.000000e+00   0.000000e+00   0.000000e+00   1.005400e-04   0.000000e+00   0.000000e+00   0.000000e+00   0.000000e+00   0.000000e+00
 4.017854e-06  -5.159767e-06   2.065910e-06   1.268773e-05  -9.451575e-06   4.703922e-06   0.000000e+00   0.000000e+00   0.000000e+00   0.000000e+00   1.005400e-04   0.000000e+00   0.000000e+00   0.000000e+00   0.000000e+00
-4.817090e-06  -2.295350e-06  -1.658174e-07  -1.921019e-05  -1.275393e-05   1.540043e-06   0.000000e+00   0.000000e+00   0.000000e+00   0.000000e+00   0.000000e+00   1.005400e-04   0.000000e+00   0.000000e+00   0.000000e+00
 2.233989e-06  -6.666669e-06   4.396680e-07   7.952112e-07  -1.568342e-05   4.672621e-06  -3.289690e-05  -1.209703e-21   0.000000e+00   0.000000e+00   0.000000e+00   0.000000e+00   9.909589e-05   1.341818e-22   0.000000e+00
 6.202212e-06  -1.104800e-07  -1.180237e-06   3.709745e-05   1.913036e-05  -1.404464e-06  -1.270122e-21  -3.289690e-05   0.000000e+00   0.000000e+00   0.000000e+00   0.000000e+00   1.457231e-22   9.909589e-05   0.000000e+00
 9.103935e-07   1.659895e-06   2.130209e-08   7.138171e-06   8.490176e-06   7.416437e-07   0.000000e+00   0.000000e+00  -5.414850e-05   0.000000e+00   0.000000e+00   0.000000e+00   0.000000e+00   0.000000e+00   1.005400e-04

# timestamp: 1762289054.1695604
 1.481946e-02   1.082428e-05   2.585139e-05   7.869144e-03   1.182736e-04   5.678470e-05   7.478096e-05  -6.155617e-05  -1.360969e-05   2.804409e-06   4.643840e-06  -5.832380e-06   3.033183e-06   7.639966e-06   1.302837e-06
 1.082428e-05   1.497026e-02   3.473062e-06   2.600420e-04   8.279251e-03   2.555654e-06  -9.855774e-05  -1.642887e-04  -1.160688e-04   8.804064e-06  -5.597367e-06  -2.946838e-06  -8.497155e-06  -5.290210e-07   2.111180e-06
 2.585139e-05   3.473062e-06   1.478804e-02   1.076467e-04   5.786046e-05   7.702927e-03   4.486156e-05  -3.083205e-05  -6.725257e-06   1.633208e-06   2.328269e-06  -1.140743e-07   1.032279e-06  -1.611099e-06   3.803586e-08
 7.869144e-03   2.600420e-04   1.076467e-04   1.699170e-02   1.147867e-03   2.308610e-04   1.921727e-04  -4.330679e-04  -1.807183e-04   2.202236e-05   1.260750e-05  -2.144397e-05   3.654363e-06   4.242057e-05   8.908620e-06
 1.182736e-04   8.279251e-03   5.786046e-05   1.147867e-03   1.794136e-02   1.118980e-04  -1.562666e-04  -6.082315e-04  -3.733866e-04   3.234343e-05  -8.102722e-06  -1.404399e-05  -2.099745e-05   2.260086e-05   9.851867e-06
 5.678470e-05   2.555654e-06   7.702927e-03   2.308610e-04   1.118980e-04   1.597279e-02   1.010585e-04  -6.333817e-05  -1.596369e-05   3.350386e-06   5.242124e-06   6.729375e-07   4.331379e-06  -4.097021e-06   2.475759e-07
 7.478096e-05  -9.855774e-05   4.486156e-05   1.921727e-04  -1.562666e-04   1.010585e-04   2.186972e-04   2.190814e-20   0.000000e+00   0.000000e+00   0.000000e+00   0.000000e+00  -3.576819e-05  -1.473109e-21   0.000000e+00
-6.155617e-05  -1.642887e-04  -3.083205e-05  -4.330679e-04  -6.082315e-04  -6.333817e-05   1.787233e-20   2.186972e-04   0.000000e+00   0.000000e+00   0.000000e+00   0.000000e+00  -9.859505e-22  -3.576819e-05   0.000000e+00
-1.360969e-05  -1.160688e-04  -6.725257e-06  -1.807183e-04  -3.733866e-04  -1.596369e-05   0.000000e+00   0.000000e+00   1.035470e-03   0.000000e+00   0.000000e+00   0.000000e+00   0.000000e+00   0.000000e+00  -5.917700e-05
 2.804409e-06   8.804064e-06   1.633208e-06   2.202236e-05   3.234343e-05   3.350386e-06   0.000000e+00   0.000000e+00   0.000000e+00   1.005900e-04   0.000000e+00   0.000000e+00   0.000000e+00   0.000000e+00   0.000000e+00
 4.643840e-06  -5.597367e-06   2.328269e-06   1.260750e-05  -8.102722e-06   5.242124e-06   0.000000e+00   0.000000e+00   0.000000e+00   0.000000e+00   1.005900e-04   0.000000e+00   0.000000e+00   0.000000e+00   0.000000e+00
-5.832380e-06  -2.946838e-06  -1.140743e-07  -2.144397e-05  -1.404399e-05   6.729375e-07   0.000000e+00   0.000000e+00   0.000000e+00   0.000000e+00   0.000000e+00   1.005900e-04   0.000000e+00   0.000000e+00   0.000000e+00
 3.033183e-06  -8.497155e-06   1.032279e-06   3.654363e-06  -2.099745e-05   4.331379e-06  -3.576819e-05  -1.137325e-21   0.000000e+00   0.000000e+00   0.000000e+00   0.000000e+00   9.882239e-05   1.396554e-22   0.000000e+00
 7.639966e-06  -5.290210e-07  -1.611099e-06   4.242057e-05   2.260086e-05  -4.097021e-06  -1.187187e-21  -3.576819e-05   0.000000e+00   0.000000e+00   0.000000e+00   0.000000e+00   1.480819e-22   9.882239e-05   0.000000e+00
 1.302837e-06   2.111180e-06   3.803586e-08   8.908620e-06   9.851867e-06   2.475759e-07   0.000000e+00   0.000000e+00  -5.917700e-05   0.000000e+00   0.000000e+00   0.000000e+00   0.000000e+00   0.000000e+00   1.005900e-04

# timestamp: 1762289054.3854837
 1.569641e-02   3.264961e-05   3.296878e-05   8.742841e-03   2.003967e-04   5.370426e-05   7.919622e-05  -8.003545e-05  -2.342347e-05   3.960585e-06   5.263590e-06  -6.960957e-06   4.089869e-06   9.114519e-06   1.788448e-06
 3.264961e-05   1.588297e-02   6.095469e-06   3.741935e-04   9.191941e-03  -3.301552e-06  -9.932764e-05  -1.851245e-04  -1.353818e-04   1.048638e-05  -5.967374e-06  -3.664590e-06  -1.068591e-05  -1.090202e-06   2.633318e-06
 3.296878e-05   6.095469e-06   1.564797e-02   1.194413e-04   7.302975e-05   8.509448e-03   4.754533e-05  -3.157155e-05  -7.015863e-06   1.779357e-06   2.618359e-06  -1.065055e-07   1.661841e-06  -2.217922e-06   2.127163e-08
 8.742841e-03   3.741935e-04   1.194413e-04   1.770315e-02   1.433213e-03   1.802123e-04   1.672430e-04  -4.755965e-04  -2.226064e-04   2.544961e-05   1.208182e-05  -2.318735e-05   7.895192e-06   4.932264e-05   1.136037e-05
 2.003967e-04   9.191941e-03   7.302975e-05   1.433213e-03   1.859920e-02   8.377962e-05  -1.160157e-04  -6.242082e-04  -3.922788e-04   3.488204e-05  -6.321266e-06  -1.595809e-05  -2.769615e-05   2.485155e-05   1.092112e-05
 5.370426e-05  -3.301552e-06   8.509448e-03   1.802123e-04   8.377962e-05   1.645045e-02   8.339788e-05  -4.230112e-05  -1.405155e-06   2.540076e-06   4.819477e-06  -8.103412e-07   7.640619e-06  -7.617700e-06  -5.895440e-07
 7.919622e-05  -9.932764e-05   4.754533e-05   1.672430e-04  -1.160157e-04   8.339788e-05   2.101894e-04   1.972508e-20   0.000000e+00   0.000000e+00   0.000000e+00   0.000000e+00  -3.854784e-05  -1.215020e-21   0.000000e+00
-8.003545e-05  -1.851245e-04  -3.157155e-05  -4.755965e-04  -6.242082e-04  -4.230112e-05   1.652706e-20   2.101894e-04   0.000000e+00   0.000000e+00   0.000000e+00   0.000000e+00  -8.652847e-22  -3.854784e-05   0.000000e+00
-2.342347e-05  -1.353818e-04  -7.015863e-06  -2.226064e-04  -3.922788e-04  -1.405155e-06   0.000000e+00   0.000000e+00   1.041689e-03   0.000000e+00   0.000000e+00   0.000000e+00   0.000000e+00   0.000000e+00  -6.420800e-05
 3.960585e-06   1.048638e-05   1.779357e-06   2.544961e-05   3.488204e-05   2.540076e-06   0.000000e+00   0.000000e+00   0.000000e+00   1.006400e-04   0.000000e+00   0.000000e+00   0.000000e+00   0.000000e+00   0.000000e+00
 5.263590e-06  -5.967374e-06   2.618359e-06   1.208182e-05  -6.321266e-06   4.819477e-06   0.000000e+00   0.000000e+00   0.000000e+00   0.000000e+00   1.006400e-04   0.000000e+00   0.000000e+00   0.000000e+00   0.000000e+00
-6.960957e-06  -3.664590e-06  -1.065055e-07  -2.318735e-05  -1.595809e-05  -8.103412e-07   0.000000e+00   0.000000e+00   0.000000e+00   0.000000e+00   0.000000e+00   1.006400e-04   0.000000e+00   0.000000e+00   0.000000e+00
 4.089869e-06  -1.068591e-05   1.661841e-06   7.895192e-06  -2.769615e-05   7.640619e-06  -3.854784e-05  -9.421196e-22   0.000000e+00   0.000000e+00   0.000000e+00   0.000000e+00   9.849432e-05   1.285740e-22   0.000000e+00
 9.114519e-06  -1.090202e-06  -2.217922e-06   4.932264e-05   2.485155e-05  -7.617700e-06  -9.947329e-22  -3.854784e-05   0.000000e+00   0.000000e+00   0.000000e+00   0.000000e+00   1.352269e-22   9.849432e-05   0.000000e+00
 1.788448e-06   2.633318e-06   2.127163e-08   1.136037e-05   1.092112e-05  -5.895440e-07   0.000000e+00   0.000000e+00  -6.420800e-05   0.000000e+00   0.000000e+00   0.000000e+00   0.000000e+00   0.000000e+00   1.006400e-04

# timestamp: 1762289054.6045258
 1.686400e-02   7.147060e-05   3.982932e-05   9.830019e-03   3.272331e-04   1.537352e-05   8.043635e-05  -1.028388e-04  -3.856704e-05   5.608681e-06   5.911260e-06  -8.396572e-06   6.234249e-06   1.076801e-05   2.572888e-06
 7.147060e-05   1.709153e-02   9.452829e-06   5.636267e-04   1.027333e-02  -3.718180e-05  -9.509589e-05  -2.060009e-04  -1.592666e-04   1.263650e-05  -6.223293e-06  -4.685719e-06  -1.439378e-05  -2.902673e-06   3.297642e-06
 3.982932e-05   9.452829e-06   1.678693e-02   1.169765e-04   9.489311e-05   9.496813e-03   4.739147e-05  -2.992682e-05  -6.495899e-06   1.862955e-06   2.873287e-06  -2.833359e-07   3.108289e-06  -3.455953e-06  -5.166935e-08
 9.830019e-03   5.636267e-04   1.169765e-04   1.860411e-02   1.790219e-03  -5.151342e-06   9.489901e-05  -5.290652e-04  -2.919455e-04   3.038520e-05   9.034094e-06  -2.479875e-05   2.173134e-05   5.875260e-05   1.574146e-05
 3.272331e-04   1.027333e-02   9.489311e-05   1.790219e-03   1.922235e-02  -5.120028e-05  -2.149717e-05  -6.137583e-04  -3.914024e-04   3.708987e-05  -1.415628e-06  -1.864551e-05  -4.552905e-05   2.220652e-05   1.080618e-05
 1.537352e-05  -3.718180e-05   9.496813e-03  -5.151342e-06  -5.120028e-05   1.701814e-02   3.674607e-05   1.487981e-05   1.859935e-05  -1.242632e-07   3.212709e-06  -5.932784e-06   1.657403e-05  -1.849587e-05  -1.852151e-06
 8.043635e-05  -9.509589e-05   4.739147e-05   9.489901e-05  -2.149717e-05   3.674607e-05   1.983017e-04   1.734476e-20   0.000000e+00   0.000000e+00   0.000000e+00   0.000000e+00  -4.110322e-05  -9.464500e-22   0.000000e+00
-1.028388e-04  -2.060009e-04  -2.992682e-05  -5.290652e-04  -6.137583e-04   1.487981e-05   1.430475e-20   1.983017e-04   0.000000e+00   0.000000e+00   0.000000e+00   0.000000e+00  -6.023622e-22  -4.110322e-05   0.000000e+00
-3.856704e-05  -1.592666e-04  -6.495899e-06  -2.919455e-04  -3.914024e-04   1.859935e-05   0.000000e+00   0.000000e+00   1.049817e-03   0.000000e+00   0.000000e+00   0.000000e+00   0.000000e+00   0.000000e+00  -7.024850e-05
 5.608681e-06   1.263650e-05   1.862955e-06   3.038520e-05   3.708987e-05  -1.242632e-07   0.000000e+00   0.000000e+00   0.000000e+00   1.007000e-04   0.000000e+00   0.000000e+00   0.000000e+00   0.000000e+00   0.000000e+00
 5.911260e-06  -6.223293e-06   2.873287e-06   9.034094e-06  -1.415628e-06   3.212709e-06   0.000000e+00   0.000000e+00   0.000000e+00   0.000000e+00   1.007000e-04   0.000000e+00   0.000000e+00   0.000000e+00   0.000000e+00
-8.396572e-06  -4.685719e-06  -2.833359e-07  -2.479875e-05  -1.864551e-05  -5.932784e-06   0.000000e+00   0.000000e+00   0.000000e+00   0.000000e+00   0.000000e+00   1.007000e-04   0.000000e+00   0.000000e+00   0.000000e+00
 6.234249e-06  -1.439378e-05   3.108289e-06   2.173134e-05  -4.552905e-05   1.657403e-05  -4.110322e-05  -8.301919e-22   0.000000e+00   0.000000e+00   0.000000e+00   0.000000e+00   9.788799e-05   1.477029e-22   0.000000e+00
 1.076801e-05  -2.902673e-06  -3.455953e-06   5.875260e-05   2.220652e-05  -1.849587e-05  -7.951932e-22  -4.110322e-05   0.000000e+00   0.000000e+00   0.000000e+00   0.000000e+00   1.328096e-22   9.788799e-05   0.000000e+00
 2.572888e-06   3.297642e-06  -5.166935e-08   1.574146e-05   1.080618e-05  -1.852151e-06   0.000000e+00   0.000000e+00  -7.024850e-05   0.000000e+00   0.000000e+00   0.000000e+00   0.000000e+00   0.000000e+00   1.007000e-04

# timestamp: 1762289054.9692423
 1.886749e-02   1.634902e-04   4.398740e-05   1.158852e-02   5.483326e-04  -7.229227e-05   7.626290e-05  -1.419649e-04  -6.937506e-05   8.643451e-06   6.541938e-06  -1.071877e-05   1.086882e-05   1.370905e-05   4.276182e-06
 1.634902e-04   1.915286e-02   1.150114e-05   8.886310e-04   1.198724e-02  -1.126837e-04  -8.132446e-05  -2.373554e-04  -1.949146e-04   1.609857e-05  -6.059216e-06  -6.540271e-06  -2.161964e-05  -6.363699e-06   4.271841e-06
 4.398740e-05   1.150114e-05   1.872342e-02   9.429576e-05   1.065905e-04   1.104848e-02   4.278513e-05  -2.237340e-05  -3.548650e-06   1.690435e-06   3.047279e-06  -1.120860e-06   6.268666e-06  -6.385529e-06  -3.039042e-07
 1.158852e-02   8.886310e-04   9.429576e-05   2.013331e-02   2.225061e-03  -2.886841e-04   1.635959e-06  -6.067225e-04  -3.996418e-04   3.786539e-05   4.458409e-06  -2.710052e-05   4.188670e-05   7.421965e-05   2.319978e-05
 5.483326e-04   1.198724e-02   1.065905e-04   2.225061e-03   2.030067e-02  -3.206212e-04   9.993625e-05  -6.041449e-04  -3.900275e-04   4.020807e-05   5.886631e-06  -2.302080e-05  -7.134545e-05   1.915593e-05   1.062975e-05
-7.229227e-05  -1.126837e-04   1.104848e-02  -2.886841e-04  -3.206212e-04   1.796199e-02  -3.072937e-05   9.056724e-05   4.942660e-05  -4.185825e-06   3.948724e-07  -1.353026e-05   3.108886e-05  -3.477671e-05  -3.999322e-06
 7.626290e-05  -8.132446e-05   4.278513e-05   1.635959e-06   9.993625e-05  -3.072937e-05   1.863768e-04   1.351680e-20   0.000000e+00   0.000000e+00   0.000000e+00   0.000000e+00  -4.530809e-05  -3.444046e-22   0.000000e+00
-1.419649e-04  -2.373554e-04  -2.237340e-05  -6.067225e-04  -6.041449e-04   9.056724e-05   1.119975e-20   1.863768e-04   0.000000e+00   0.000000e+00   0.000000e+00   0.000000e+00  -1.507593e-22  -4.530809e-05   0.000000e+00
-6.937506e-05  -1.949146e-04  -3.548650e-06  -3.996418e-04  -3.900275e-04   4.942660e-05   0.000000e+00   0.000000e+00   1.063367e-03   0.000000e+00   0.000000e+00   0.000000e+00   0.000000e+00   0.000000e+00  -7.931600e-05
 8.643451e-06   1.609857e-05   1.690435e-06   3.786539e-05   4.020807e-05  -4.185825e-06   0.000000e+00   0.000000e+00   0.000000e+00   1.007900e-04   0.000000e+00   0.000000e+00   0.000000e+00   0.000000e+00   0.000000e+00
 6.541938e-06  -6.059216e-06   3.047279e-06   4.458409e-06   5.886631e-06   3.948724e-07   0.000000e+00   0.000000e+00   0.000000e+00   0.000000e+00   1.007900e-04   0.000000e+00   0.000000e+00   0.000000e+00   0.000000e+00
-1.071877e-05  -6.540271e-06  -1.120860e-06  -2.710052e-05  -2.302080e-05  -1.353026e-05   0.000000e+00   0.000000e+00   0.000000e+00   0.000000e+00   0.000000e+00   1.007900e-04   0.000000e+00   0.000000e+00   0.000000e+00
 1.086882e-05  -2.161964e-05   6.268666e-06   4.188670e-05  -7.134545e-05   3.108886e-05  -4.530809e-05  -5.673938e-23   0.000000e+00   0.000000e+00   0.000000e+00   0.000000e+00   9.692379e-05   3.879065e-23   0.000000e+00
 1.370905e-05  -6.363699e-06  -6.385529e-06   7.421965e-05   1.915593e-05  -3.477671e-05  -8.953669e-23  -4.530809e-05   0.000000e+00   0.000000e+00   0.000000e+00   0.000000e+00   2.830996e-23   9.692379e-05   0.000000e+00
 4.276182e-06   4.271841e-06  -3.039042e-07   2.319978e-05   1.062975e-05  -3.999322e-06   0.000000e+00   0.000000e+00  -7.931600e-05   0.000000e+00   0.000000e+00   0.000000e+00   0.000000e+00   0.000000e+00   1.007900e-04

# timestamp: 1762289055.2126186
 2.012019e-02   2.341971e-04   4.175450e-05   1.263919e-02   6.871083e-04  -1.330030e-04   7.115407e-05  -1.661979e-04  -9.072570e-05   1.062063e-05   6.714487e-06  -1.209797e-05   1.410664e-05   1.563903e-05   5.518651e-06
 2.341971e-04   2.043388e-02   9.421817e-06   1.087428e-03   1.299574e-02  -1.691228e-04  -7.014524e-05  -2.549441e-04  -2.146830e-04   1.814493e-05  -5.682809e-06  -7.737478e-06  -2.642306e-05  -8.541859e-06   4.805384e-06
 4.175450e-05   9.421817e-06   1.992280e-02   7.130391e-05   1.001020e-04   1.195224e-02   3.823199e-05  -1.582008e-05  -7.286771e-07   1.438388e-06   3.037223e-06  -1.883655e-06   8.482802e-06  -8.527598e-06  -5.282217e-07
 1.263919e-02   1.087428e-03   7.130391e-05   2.106633e-02   2.436890e-03  -4.421523e-04  -4.465017e-05  -6.498340e-04  -4.578232e-04   4.205763e-05   1.937087e-06  -2.831671e-05   5.288728e-05   8.388919e-05   2.754169e-05
 6.871083e-04   1.299574e-02   1.001020e-04   2.436890e-03   2.098182e-02  -4.957288e-04   1.621535e-04  -6.037496e-04  -3.926048e-04   4.198543e-05   9.976093e-06  -2.537096e-05  -8.591544e-05   1.868016e-05   1.078664e-05
-1.330030e-04  -1.691228e-04   1.195224e-02  -4.421523e-04  -4.957288e-04   1.852616e-02  -6.410623e-05   1.269312e-04   6.698751e-05  -6.347911e-06  -1.130778e-06  -1.782015e-05   3.901050e-05  -4.337772e-05  -5.322198e-06
 7.115407e-05  -7.014524e-05   3.823199e-05  -4.465017e-05   1.621535e-04  -6.410623e-05   1.820186e-04   1.198318e-20   0.000000e+00   0.000000e+00   0.000000e+00   0.000000e+00  -4.782786e-05  -1.034501e-22   0.000000e+00
-1.661979e-04  -2.549441e-04  -1.582008e-05  -6.498340e-04  -6.037496e-04   1.269312e-04   9.941310e-21   1.820186e-04   0.000000e+00   0.000000e+00   0.000000e+00   0.000000e+00   3.680475e-23  -4.782786e-05   0.000000e+00
-9.072570e-05  -2.146830e-04  -7.286771e-07  -4.578232e-04  -3.926048e-04   6.698751e-05   0.000000e+00   0.000000e+00   1.071601e-03   0.000000e+00   0.000000e+00   0.000000e+00   0.000000e+00   0.000000e+00  -8.435700e-05
 1.062063e-05   1.814493e-05   1.438388e-06   4.205763e-05   4.198543e-05  -6.347911e-06   0.000000e+00   0.000000e+00   0.000000e+00   1.008400e-04   0.000000e+00   0.000000e+00   0.000000e+00   0.000000e+00   0.000000e+00
 6.714487e-06  -5.682809e-06   3.037223e-06   1.937087e-06   9.976093e-06  -1.130778e-06   0.000000e+00   0.000000e+00   0.000000e+00   0.000000e+00   1.008400e-04   0.000000e+00   0.000000e+00   0.000000e+00   0.000000e+00
