# ekf covariance log started at 1769115068.2479897
# timestamp: 1769115073.4469473
 1.245498e-02   1.017980e-02  -5.645859e-03   1.098617e-03   2.401733e-04  -5.322135e-05   3.959396e-04  -4.612897e-02  -8.138768e-02
 1.017980e-02   2.668232e-02  -1.518232e-03  -5.249013e-03   2.028700e-02   8.706871e-05   3.249138e-04  -1.316183e-02  -1.147731e-01
-5.645859e-03  -1.518232e-03   3.726106e-02  -9.051555e-03  -9.077695e-05   2.050223e-02   1.102074e-01   1.012953e-01   1.205608e-02
 1.098617e-03  -5.249013e-03  -9.051555e-03   1.354472e-02  -1.229451e-04  -2.734692e-04   6.984054e-04  -7.296990e-02   4.191093e-02
 2.401733e-04   2.028700e-02  -9.077695e-05  -1.229451e-04   4.365314e-02   1.334586e-06   2.439264e-05  -7.699100e-04  -3.305598e-03
-5.322135e-05   8.706871e-05   2.050223e-02  -2.734692e-04   1.334586e-06   4.383245e-02   2.743690e-03   2.398667e-03  -6.973922e-04
 3.959396e-04   3.249138e-04   1.102074e-01   6.984054e-04   2.439264e-05   2.743690e-03   9.969561e-01  -9.008482e-03  -2.612783e-03
-4.612897e-02  -1.316183e-02   1.012953e-01  -7.296990e-02  -7.699100e-04   2.398667e-03  -9.008482e-03   8.229562e-01   1.045796e-01
-8.138768e-02  -1.147731e-01   1.205608e-02   4.191093e-02  -3.305598e-03  -6.973922e-04  -2.612783e-03   1.045796e-01   9.183926e-01

# timestamp: 1769115075.7241175
 1.149645e-02   1.063627e-02  -3.207222e-03   1.464918e-03   7.609684e-06   1.241456e-05  -6.415232e-04  -2.578773e-02  -8.584309e-02
 1.063627e-02   1.613568e-02  -3.614535e-03   4.218681e-06   4.103134e-03   5.823024e-05   1.113357e-03  -3.093512e-02  -9.906837e-02
-3.207222e-03  -3.614535e-03   2.358020e-02   3.590155e-04   4.509560e-05   4.328113e-03   1.127237e-01   5.777570e-02   2.982503e-02
 1.464918e-03   4.218681e-06   3.590155e-04   5.062718e-03   4.222490e-05  -6.305926e-05  -2.151461e-04   3.389255e-03   7.123323e-05
 7.609684e-06   4.103134e-03   4.509560e-05   4.222490e-05   9.670554e-03   4.600297e-07   5.724133e-05   3.136244e-04  -2.598233e-04
 1.241456e-05   5.823024e-05   4.328113e-03  -6.305926e-05   4.600297e-07   9.733233e-03   1.118215e-03   1.068393e-03  -4.613052e-04
-6.415232e-04   1.113357e-03   1.127237e-01  -2.151461e-04   5.724133e-05   1.118215e-03   1.019046e+00  -4.361158e-03  -5.404132e-03
-2.578773e-02  -3.093512e-02   5.777570e-02   3.389255e-03   3.136244e-04   1.068393e-03  -4.361158e-03   4.722777e-01   2.517174e-01
-8.584309e-02  -9.906837e-02   2.982503e-02   7.123323e-05  -2.598233e-04  -4.613052e-04  -5.404132e-03   2.517174e-01   8.019582e-01

# timestamp: 1769115077.6000226
 1.920304e-03  -1.231820e-04   2.541740e-04   2.169967e-03  -3.353837e-04   7.020266e-04   1.061822e-03  -8.920601e-04   1.901597e-04
-1.231820e-04   2.060951e-03   2.218865e-04  -3.403647e-04   2.390488e-03   6.138446e-04   6.050998e-05  -3.056878e-04   3.100454e-04
 2.541740e-04   2.218865e-04   1.739662e-03   7.173679e-04   6.086918e-04   1.513043e-03  -1.296750e-03   5.566547e-04  -7.524304e-05
 2.169967e-03  -3.403647e-04   7.173679e-04   6.909683e-03  -9.126886e-04   1.972361e-03   1.758355e-03  -1.492683e-03   8.161940e-04
-3.353837e-04   2.390488e-03   6.086918e-04  -9.126886e-04   7.446412e-03   1.685832e-03   1.076601e-04  -7.359864e-04   1.403224e-03
 7.020266e-04   6.138446e-04   1.513043e-03   1.972361e-03   1.685832e-03   5.059964e-03  -4.291142e-03   1.237333e-03  -1.088425e-04
 1.061822e-03   6.050998e-05  -1.296750e-03   1.758355e-03   1.076601e-04  -4.291142e-03   3.657041e-01  -2.902916e-01  -3.913149e-03
-8.920601e-04  -3.056878e-04   5.566547e-04  -1.492683e-03  -7.359864e-04   1.237333e-03  -2.902916e-01   2.796108e-01   3.916148e-03
 1.901597e-04   3.100454e-04  -7.524304e-05   8.161940e-04   1.403224e-03  -1.088425e-04  -3.913149e-03   3.916148e-03   2.851932e-02

# timestamp: 1769115078.3409874
 2.654434e-03  -7.417372e-05   1.563589e-04   3.184438e-03  -8.985495e-05   1.918477e-04   6.147829e-04  -4.906351e-04   1.916850e-04
-7.417372e-05   2.692085e-03   1.293479e-04  -8.971994e-05   3.228504e-03   1.589796e-04   3.589801e-04  -2.632740e-04   2.615217e-04
 1.563589e-04   1.293479e-04   2.503075e-03   1.921149e-04   1.586674e-04   2.997594e-03  -1.266128e-03   6.546200e-04  -1.706591e-05
 3.184438e-03  -8.971994e-05   1.921149e-04   8.483339e-03  -1.081206e-04   2.352693e-04   4.480402e-04  -3.697946e-04   2.579994e-04
-8.985495e-05   3.228504e-03   1.586674e-04  -1.081206e-04   8.558075e-03   1.951292e-04   4.308438e-04  -3.119519e-04   3.763596e-04
 1.918477e-04   1.589796e-04   2.997594e-03   2.352693e-04   1.951292e-04   8.276445e-03  -1.645957e-03   7.808108e-04   5.403852e-07
 6.147829e-04   3.589801e-04  -1.266128e-03   4.480402e-04   4.308438e-04  -1.645957e-03   3.588111e-01  -2.954452e-01  -2.559238e-03
-4.906351e-04  -2.632740e-04   6.546200e-04  -3.697946e-04  -3.119519e-04   7.808108e-04  -2.954452e-01   2.822208e-01   2.414467e-03
 1.916850e-04   2.615217e-04  -1.706591e-05   2.579994e-04   3.763596e-04   5.403852e-07  -2.559238e-03   2.414467e-03   2.240261e-02

# timestamp: 1769115079.0751233
 2.076460e-03   5.973445e-05   1.846561e-04   2.365912e-03   9.579988e-05   2.967008e-04   4.941717e-03  -4.383528e-03   2.300804e-04
 5.973445e-05   2.330411e-03  -4.326671e-05   1.034402e-04   2.756270e-03  -8.146793e-05  -6.946697e-04   1.556016e-03   5.600971e-04
 1.846561e-04  -4.326671e-05   2.193004e-03   3.003646e-04  -7.693398e-05   2.540958e-03  -4.694296e-03   3.421114e-03   5.198143e-04
 2.365912e-03   1.034402e-04   3.003646e-04   7.403150e-03   1.561058e-04   5.111214e-04   8.058112e-03  -7.208038e-03   3.154151e-04
 9.579988e-05   2.756270e-03  -7.693398e-05   1.561058e-04   8.043454e-03  -1.217494e-04  -1.634855e-03   2.200378e-03   3.947121e-04
 2.967008e-04  -8.146793e-05   2.540958e-03   5.111214e-04  -1.217494e-04   7.672561e-03  -6.890580e-03   5.601281e-03   2.802881e-04
 4.941717e-03  -6.946697e-04  -4.694296e-03   8.058112e-03  -1.634855e-03  -6.890580e-03   2.538339e-01  -2.046850e-01  -6.056410e-03
-4.383528e-03   1.556016e-03   3.421114e-03  -7.208038e-03   2.200378e-03   5.601281e-03  -2.046850e-01   1.993760e-01   5.515790e-03
 2.300804e-04   5.600971e-04   5.198143e-04   3.154151e-04   3.947121e-04   2.802881e-04  -6.056410e-03   5.515790e-03   1.989322e-02

# timestamp: 1769115080.1668751
 2.212776e-03   2.888932e-04   3.917478e-05   2.522447e-03   4.138172e-04   5.050534e-05   4.287322e-04  -6.163479e-04  -4.159457e-05
 2.888932e-04   2.261510e-03  -3.449638e-05   4.132131e-04   2.584453e-03  -4.837747e-05  -2.362408e-04  -6.997365e-05  -1.144218e-04
 3.917478e-05  -3.449638e-05   2.519561e-03   5.373928e-05  -4.830004e-05   2.960898e-03  -3.293545e-04   4.674047e-04  -2.202828e-04
 2.522447e-03   4.132131e-04   5.373928e-05   7.513598e-03   5.958841e-04   8.039753e-05  -6.694246e-04   4.504833e-04  -1.488177e-04
 4.138172e-04   2.584453e-03  -4.830004e-05   5.958841e-04   7.605574e-03  -6.959190e-05   3.074705e-05  -3.187883e-04  -8.808303e-05
 5.050534e-05  -4.837747e-05   2.960898e-03   8.039753e-05  -6.959190e-05   8.145590e-03   6.554750e-04  -3.522033e-04  -2.055816e-04
 4.287322e-04  -2.362408e-04  -3.293545e-04  -6.694246e-04   3.074705e-05   6.554750e-04   2.357689e-01  -1.930565e-01  -2.685490e-03
-6.163479e-04  -6.997365e-05   4.674047e-04   4.504833e-04  -3.187883e-04  -3.522033e-04  -1.930565e-01   1.898609e-01   2.424890e-03
-4.159457e-05  -1.144218e-04  -2.202828e-04  -1.488177e-04  -8.808303e-05  -2.055816e-04  -2.685490e-03   2.424890e-03   1.832498e-02

# timestamp: 1769115080.9009008
 1.817543e-03   2.009075e-04  -9.845457e-05   2.176074e-03   4.141030e-04  -2.202774e-04  -1.257656e-03   1.001732e-03   1.224091e-05
 2.009075e-04   1.601073e-03   1.712265e-04   4.116080e-04   1.697216e-03   3.810510e-04   1.969934e-03  -1.478869e-03  -3.521952e-06
-9.845457e-05   1.712265e-04   1.848034e-03  -2.169340e-04   3.775912e-04   2.212973e-03  -8.846508e-04   6.318176e-04   1.273682e-05
 2.176074e-03   4.116080e-04  -2.169340e-04   7.175153e-03   9.074564e-04  -4.766800e-04  -3.115515e-03   2.536806e-03   3.502348e-05
 4.141030e-04   1.697216e-03   3.775912e-04   9.074564e-04   6.127667e-03   8.326265e-04   4.444137e-03  -3.266396e-03  -1.784990e-05
-2.202774e-04   3.810510e-04   2.212973e-03  -4.766800e-04   8.326265e-04   7.256915e-03  -1.676376e-03   1.115272e-03   1.058761e-04
-1.257656e-03   1.969934e-03  -8.846508e-04  -3.115515e-03   4.444137e-03  -1.676376e-03   2.266236e-01  -1.888540e-01  -1.370166e-03
 1.001732e-03  -1.478869e-03   6.318176e-04   2.536806e-03  -3.266396e-03   1.115272e-03  -1.888540e-01   1.865942e-01   1.275518e-03
 1.224091e-05  -3.521952e-06   1.273682e-05   3.502348e-05  -1.784990e-05   1.058761e-04  -1.370166e-03   1.275518e-03   1.682513e-02

# timestamp: 1769115081.4401498
 1.658875e-03   4.815810e-05  -2.530212e-05   2.110271e-03   5.964182e-05  -3.186614e-05  -7.652861e-04   6.536497e-04   5.508749e-05
 4.815810e-05   1.602751e-03   4.422103e-05   5.862473e-05   2.040392e-03   5.610425e-05   1.121258e-03  -9.444409e-04   1.334882e-05
-2.530212e-05   4.422103e-05   1.662909e-03  -3.070522e-05   5.469448e-05   2.114134e-03  -4.822253e-04   3.651575e-04   3.691928e-06
 2.110271e-03   5.862473e-05  -3.070522e-05   7.288776e-03   8.389412e-05  -3.717280e-05  -1.088470e-03   9.554646e-04   5.893857e-05
 5.964182e-05   2.040392e-03   5.469448e-05   8.389412e-05   7.203908e-03   6.805206e-05   1.446025e-03  -1.176453e-03   2.373269e-05
-3.186614e-05   5.610425e-05   2.114134e-03  -3.717280e-05   6.805206e-05   7.304035e-03  -4.966613e-04   3.442216e-04   3.477323e-05
-7.652861e-04   1.121258e-03  -4.822253e-04  -1.088470e-03   1.446025e-03  -4.966613e-04   2.250060e-01  -1.886151e-01  -9.337149e-04
 6.536497e-04  -9.444409e-04   3.651575e-04   9.554646e-04  -1.176453e-03   3.442216e-04  -1.886151e-01   1.856410e-01   8.622286e-04
 5.508749e-05   1.334882e-05   3.691928e-06   5.893857e-05   2.373269e-05   3.477323e-05  -9.337149e-04   8.622286e-04   1.577758e-02

# timestamp: 1769115082.1321504
 2.136439e-03  -6.852003e-05   5.736129e-05   2.547065e-03  -1.203335e-04   9.849873e-05  -4.250001e-04  -7.992826e-05  -2.360117e-04
-6.852003e-05   1.857556e-03   2.455336e-04  -1.197305e-04   2.095971e-03   3.977111e-04   5.332066e-04  -1.768729e-04  -2.933624e-04
 5.736129e-05   2.455336e-04   1.947159e-03   9.965920e-05   3.966052e-04   2.240597e-03  -1.079210e-04   1.964047e-04  -9.892013e-05
 2.547065e-03  -1.197305e-04   9.965920e-05   7.685301e-03  -1.920441e-04   1.617074e-04  -1.278988e-04  -3.336306e-04  -2.740997e-04
-1.203335e-04   2.095971e-03   3.966052e-04  -1.920441e-04   6.935486e-03   6.591017e-04   1.059866e-04   2.053947e-04  -2.738107e-04
 9.849873e-05   3.977111e-04   2.240597e-03   1.617074e-04   6.591017e-04   7.187052e-03   1.123718e-04   3.988151e-05  -1.095007e-04
-4.250001e-04   5.332066e-04  -1.079210e-04  -1.278988e-04   1.059866e-04   1.123718e-04   2.290385e-01  -1.907432e-01  -7.061818e-04
-7.992826e-05  -1.768729e-04   1.964047e-04  -3.336306e-04   2.053947e-04   3.988151e-05  -1.907432e-01   1.885594e-01   6.459460e-04
-2.360117e-04  -2.933624e-04  -9.892013e-05  -2.740997e-04  -2.738107e-04  -1.095007e-04  -7.061818e-04   6.459460e-04   1.702560e-02

# timestamp: 1769115082.8605976
 1.683050e-03  -1.867743e-04   1.968486e-04   1.885821e-03  -4.344746e-04   4.600736e-04  -3.993359e-04   3.346425e-04  -5.733773e-05
-1.867743e-04   1.679575e-03   2.015316e-04  -4.335694e-04   1.916951e-03   4.449461e-04  -4.003804e-04   4.251566e-04  -1.932614e-05
 1.968486e-04   2.015316e-04   1.664555e-03   4.598554e-04   4.449435e-04   1.868869e-03   4.563096e-04  -3.775072e-04  -8.243872e-07
 1.885821e-03  -4.335694e-04   4.598554e-04   6.482001e-03  -1.029163e-03   1.092201e-03  -7.588058e-04   7.637562e-04   7.635596e-06
-4.344746e-04   1.916951e-03   4.449435e-04  -1.029163e-03   6.560981e-03   1.054858e-03  -1.298522e-03   1.139808e-03   5.284955e-05
 4.600736e-04   4.449461e-04   1.868869e-03   1.092201e-03   1.054858e-03   6.445744e-03   1.170290e-03  -1.041144e-03   1.925281e-05
-3.993359e-04  -4.003804e-04   4.563096e-04  -7.588058e-04  -1.298522e-03   1.170290e-03   2.318274e-01  -1.938209e-01  -4.282411e-04
 3.346425e-04   4.251566e-04  -3.775072e-04   7.637562e-04   1.139808e-03  -1.041144e-03  -1.938209e-01   1.903752e-01   3.880111e-04
-5.733773e-05  -1.932614e-05  -8.243872e-07   7.635596e-06   5.284955e-05   1.925281e-05  -4.282411e-04   3.880111e-04   1.619282e-02

# timestamp: 1769115083.441793
 2.591841e-03  -1.303391e-04   1.374272e-04   3.043944e-03  -1.490242e-04   1.580750e-04  -2.931847e-04   4.376796e-04   4.607127e-04
-1.303391e-04   2.598689e-03   1.392329e-04  -1.506260e-04   3.055701e-03   1.578808e-04  -7.766934e-04   1.166524e-04   8.171651e-05
 1.374272e-04   1.392329e-04   2.576138e-03   1.586845e-04   1.575579e-04   3.029929e-03   3.106129e-04  -5.950864e-04   8.628435e-05
 3.043944e-03  -1.506260e-04   1.586845e-04   8.255040e-03  -1.752840e-04   1.851438e-04  -2.957222e-04   4.564503e-04   4.612822e-04
-1.490242e-04   3.055701e-03   1.575579e-04  -1.752840e-04   8.260184e-03   1.899984e-04  -9.521428e-04   2.672761e-04   8.986255e-05
 1.580750e-04   1.578808e-04   3.029929e-03   1.851438e-04   1.899984e-04   8.234861e-03   4.256163e-04  -7.023302e-04   8.833362e-05
-2.931847e-04  -7.766934e-04   3.106129e-04  -2.957222e-04  -9.521428e-04   4.256163e-04   2.356067e-01  -1.954976e-01  -4.310005e-04
 4.376796e-04   1.166524e-04  -5.950864e-04   4.564503e-04   2.672761e-04  -7.023302e-04  -1.954976e-01   1.935900e-01   3.905790e-04
 4.607127e-04   8.171651e-05   8.628435e-05   4.612822e-04   8.986255e-05   8.833362e-05  -4.310005e-04   3.905790e-04   1.797818e-02

# timestamp: 1769115084.1032932
 2.343467e-03  -1.658304e-04   2.184545e-04   2.741193e-03  -2.669130e-04   3.560376e-04   3.754023e-03  -3.360307e-03  -1.529061e-05
-1.658304e-04   2.446323e-03   1.612289e-04  -2.686839e-04   2.914370e-03   2.597152e-04   2.616636e-03  -2.406273e-03   2.875377e-05
 2.184545e-04   1.612289e-04   2.357188e-03   3.565286e-04   2.597561e-04   2.765938e-03  -3.516057e-03   3.275854e-03   1.889190e-05
 2.741193e-03  -2.686839e-04   3.565286e-04   7.840255e-03  -4.566781e-04   6.067235e-04   6.513478e-03  -5.894391e-03  -1.645567e-04
-2.669130e-04   2.914370e-03   2.597561e-04  -4.566781e-04   8.132123e-03   4.448061e-04   4.714644e-03  -4.132986e-03   1.530259e-05
 3.560376e-04   2.597152e-04   2.765938e-03   6.067235e-04   4.448061e-04   7.880516e-03  -6.120080e-03   5.751576e-03   9.100797e-06
 3.754023e-03   2.616636e-03  -3.516057e-03   6.513478e-03   4.714644e-03  -6.120080e-03   1.729870e-01  -1.386147e-01  -3.695832e-04
-3.360307e-03  -2.406273e-03   3.275854e-03  -5.894391e-03  -4.132986e-03   5.751576e-03  -1.386147e-01   1.414884e-01   3.343335e-04
-1.529061e-05   2.875377e-05   1.889190e-05  -1.645567e-04   1.530259e-05   9.100797e-06  -3.695832e-04   3.343335e-04   1.774122e-02

# timestamp: 1769115084.6543837
 2.375748e-03  -3.139284e-04   3.405406e-04   2.524860e-03  -7.405347e-04   7.880429e-04   1.003014e-03  -1.021836e-03  -1.868600e-05
-3.139284e-04   2.309968e-03   3.782754e-04  -7.427516e-04   2.315871e-03   9.080334e-04   2.491543e-04  -2.822529e-04  -4.838665e-05
 3.405406e-04   3.782754e-04   2.255988e-03   7.891850e-04   9.069297e-04   2.212312e-03  -7.226329e-04   6.629639e-04   7.830633e-06
 2.524860e-03  -7.427516e-04   7.891850e-04   6.899726e-03  -1.854076e-03   1.956220e-03  -8.067274e-04   4.773939e-04  -7.634022e-05
-7.405347e-04   2.315871e-03   9.069297e-04  -1.854076e-03   6.329176e-03   2.280239e-03  -1.766485e-03   1.463083e-03  -1.525797e-04
 7.880429e-04   9.080334e-04   2.212312e-03   1.956220e-03   2.280239e-03   6.092295e-03   1.412414e-03  -1.221734e-03   6.651044e-05
 1.003014e-03   2.491543e-04  -7.226329e-04  -8.067274e-04  -1.766485e-03   1.412414e-03   1.582359e-01  -1.253330e-01  -3.804756e-04
-1.021836e-03  -2.822529e-04   6.629639e-04   4.773939e-04   1.463083e-03  -1.221734e-03  -1.253330e-01   1.300512e-01   3.333154e-04
-1.868600e-05  -4.838665e-05   7.830633e-06  -7.634022e-05  -1.525797e-04   6.651044e-05  -3.804756e-04   3.333154e-04   1.802295e-02

# timestamp: 1769115085.3888614
 1.869884e-03  -7.992841e-05   8.545786e-05   2.339376e-03  -1.131734e-04   1.202172e-04  -4.494568e-04   5.887989e-06   3.466241e-04
-7.992841e-05   1.834792e-03   1.032930e-04  -1.119065e-04   2.291382e-03   1.439978e-04  -4.519876e-04   1.940750e-04  -1.557816e-04
 8.545786e-05   1.032930e-04   1.831933e-03   1.188862e-04   1.452339e-04   2.285738e-03   1.089321e-04  -5.558036e-04  -2.073115e-04
 2.339376e-03  -1.119065e-04   1.188862e-04   7.554816e-03  -1.647235e-04   1.754523e-04  -1.369830e-03   7.982110e-04   3.769750e-04
-1.131734e-04   2.291382e-03   1.452339e-04  -1.647235e-04   7.491572e-03   2.091766e-04  -1.191556e-03   8.209981e-04  -1.808565e-04
 1.202172e-04   1.439978e-04   2.285738e-03   1.754523e-04   2.091766e-04   7.479119e-03   9.955010e-04  -1.400750e-03  -2.088514e-04
-4.494568e-04  -4.519876e-04   1.089321e-04  -1.369830e-03  -1.191556e-03   9.955010e-04   1.609981e-01  -1.294002e-01  -3.067914e-04
 5.887989e-06   1.940750e-04  -5.558036e-04   7.982110e-04   8.209981e-04  -1.400750e-03  -1.294002e-01   1.323138e-01   2.633956e-04
 3.466241e-04  -1.557816e-04  -2.073115e-04   3.769750e-04  -1.808565e-04  -2.088514e-04  -3.067914e-04   2.633956e-04   1.644695e-02

# timestamp: 1769115086.0864582
 1.815906e-03  -1.438386e-04   1.834886e-04   2.063127e-03  -2.623974e-04   3.376547e-04   1.252415e-03  -1.466955e-03   2.368930e-04
-1.438386e-04   1.856891e-03   1.581913e-04  -2.627033e-04   2.151761e-03   2.847747e-04   1.111034e-03  -1.122823e-03  -1.562637e-04
 1.834886e-04   1.581913e-04   1.785621e-03   3.380672e-04   2.846250e-04   2.012563e-03  -1.700371e-03   1.193007e-03  -1.832295e-04
 2.063127e-03  -2.627033e-04   3.380672e-04   6.922985e-03  -5.045711e-04   6.491739e-04   2.570023e-03  -2.661596e-03   2.276155e-04
-2.623974e-04   2.151761e-03   2.846250e-04  -5.045711e-04   7.098826e-03   5.449059e-04   2.295030e-03  -2.185368e-03  -1.782131e-04
 3.376547e-04   2.847747e-04   2.012563e-03   6.491739e-04   5.449059e-04   6.827675e-03  -3.183776e-03   2.511821e-03  -1.740504e-04
 1.252415e-03   1.111034e-03  -1.700371e-03   2.570023e-03   2.295030e-03  -3.183776e-03   1.481928e-01  -1.176762e-01   4.124150e-05
-1.466955e-03  -1.122823e-03   1.193007e-03  -2.661596e-03  -2.185368e-03   2.511821e-03  -1.176762e-01   1.221304e-01  -4.141339e-05
 2.368930e-04  -1.562637e-04  -1.832295e-04   2.276155e-04  -1.782131e-04  -1.740504e-04   4.124150e-05  -4.141339e-05   1.676047e-02

# timestamp: 1769115086.6086206
 2.392249e-03  -6.195234e-05   7.861249e-05   2.875993e-03  -6.212754e-05   7.915545e-05   1.166096e-03  -8.299411e-04  -1.862254e-04
-6.195234e-05   2.410460e-03   6.653337e-05  -6.271889e-05   2.894588e-03   6.701033e-05   8.971118e-04  -7.930062e-04   1.107901e-04
 7.861249e-05   6.653337e-05   2.380987e-03   7.973767e-05   6.690436e-05   2.864973e-03  -1.003032e-03   1.187749e-03   1.339893e-04
 2.875993e-03  -6.271889e-05   7.973767e-05   8.151677e-03  -6.888991e-05   8.665229e-05   1.227127e-03  -8.194507e-04  -2.270850e-04
-6.212754e-05   2.894588e-03   6.690436e-05  -6.888991e-05   8.168443e-03   7.492409e-05   9.734703e-04  -8.369374e-04   1.335956e-04
 7.915545e-05   6.701033e-05   2.864973e-03   8.665229e-05   7.492409e-05   8.138212e-03  -1.031983e-03   1.264979e-03   1.714930e-04
 1.166096e-03   8.971118e-04  -1.003032e-03   1.227127e-03   9.734703e-04  -1.031983e-03   1.486287e-01  -1.173098e-01  -2.987632e-04
-8.299411e-04  -7.930062e-04   1.187749e-03  -8.194507e-04  -8.369374e-04   1.264979e-03  -1.173098e-01   1.227281e-01   2.664925e-04
-1.862254e-04   1.107901e-04   1.339893e-04  -2.270850e-04   1.335956e-04   1.714930e-04  -2.987632e-04   2.664925e-04   1.765362e-02

# timestamp: 1769115088.137782
 2.248850e-03  -1.537192e-04   2.559291e-04   2.500459e-03  -2.676045e-04   4.481412e-04  -1.790425e-03   1.625470e-03   4.437736e-06
-1.537192e-04   2.322084e-03   2.017427e-04  -2.682824e-04   2.627600e-03   3.540072e-04  -1.385364e-03   1.246285e-03  -2.953326e-05
 2.559291e-04   2.017427e-04   2.107871e-03   4.504309e-04   3.552443e-04   2.245529e-03   2.214026e-03  -2.019525e-03   2.592191e-05
 2.500459e-03  -2.682824e-04   4.504309e-04   7.475934e-03  -4.948645e-04   8.269788e-04  -2.496184e-03   2.366016e-03  -5.568642e-05
-2.676045e-04   2.627600e-03   3.552443e-04  -4.948645e-04   7.712389e-03   6.518197e-04  -2.022584e-03   1.822662e-03  -1.952316e-06
 4.481412e-04   3.540072e-04   2.245529e-03   8.269788e-04   6.518197e-04   7.014557e-03   3.363202e-03  -2.977345e-03   1.152122e-04
-1.790425e-03  -1.385364e-03   2.214026e-03  -2.496184e-03  -2.022584e-03   3.363202e-03   1.281116e-01  -9.809976e-02  -1.045340e-04
 1.625470e-03   1.246285e-03  -2.019525e-03   2.366016e-03   1.822662e-03  -2.977345e-03  -9.809976e-02   1.059558e-01   9.254786e-05
 4.437736e-06  -2.953326e-05   2.592191e-05  -5.568642e-05  -1.952316e-06   1.152122e-04  -1.045340e-04   9.254786e-05   1.831315e-02

# timestamp: 1769115089.3467586
 1.981671e-03  -8.009232e-05   1.155134e-04   2.414893e-03  -1.309462e-04   1.878263e-04  -7.915205e-04   4.365115e-04   7.334942e-05
-8.009232e-05   1.936465e-03   1.504078e-04  -1.320987e-04   2.342806e-03   2.473608e-04  -8.275083e-04   7.175141e-04  -4.571476e-05
 1.155134e-04   1.504078e-04   1.827184e-03   1.902288e-04   2.470051e-04   2.159969e-03   1.155583e-03  -1.129286e-03  -1.705021e-04
 2.414893e-03  -1.320987e-04   1.902288e-04   7.680415e-03  -2.280717e-04   3.286917e-04  -5.830254e-04   4.419296e-04  -2.240451e-05
-1.309462e-04   2.342806e-03   2.470051e-04  -2.280717e-04   7.563522e-03   4.231835e-04  -9.516263e-04   8.301699e-04   7.625907e-06
 1.878263e-04   2.473608e-04   2.159969e-03   3.286917e-04   4.231835e-04   7.248832e-03   1.342772e-03  -1.148308e-03  -2.273242e-05
-7.915205e-04  -8.275083e-04   1.155583e-03  -5.830254e-04  -9.516263e-04   1.342772e-03   1.242142e-01  -9.569348e-02  -3.778553e-04
 4.365115e-04   7.175141e-04  -1.129286e-03   4.419296e-04   8.301699e-04  -1.148308e-03  -9.569348e-02   1.030894e-01   3.381380e-04
 7.334942e-05  -4.571476e-05  -1.705021e-04  -2.240451e-05   7.625907e-06  -2.273242e-05  -3.778553e-04   3.381380e-04   1.737436e-02

# timestamp: 1769115090.403437
 2.824110e-03  -6.422409e-05   6.137802e-05   3.338226e-03  -8.696022e-05   8.078417e-05   1.781569e-04   1.713507e-04  -3.280596e-05
-6.422409e-05   2.476202e-03   3.330711e-04  -8.717464e-05   2.853112e-03   4.603181e-04   6.205610e-05   9.314680e-05   1.047499e-04
 6.137802e-05   3.330711e-04   2.525327e-03   8.123894e-05   4.622074e-04   2.926324e-03   3.738249e-06  -3.670044e-05   1.302972e-04
 3.338226e-03  -8.717464e-05   8.123894e-05   8.639906e-03  -1.258517e-04   1.182793e-04   3.985612e-04  -9.349310e-05  -1.637915e-05
-8.696022e-05   2.853112e-03   4.622074e-04  -1.258517e-04   7.957288e-03   6.537626e-04   3.783521e-04  -1.449262e-04   1.573946e-04
 8.078417e-05   4.603181e-04   2.926324e-03   1.182793e-04   6.537626e-04   8.056790e-03  -4.582745e-04   3.162377e-04   3.202889e-05
 1.781569e-04   6.205610e-05   3.738249e-06   3.985612e-04   3.783521e-04  -4.582745e-04   1.295140e-01  -9.968821e-02  -1.492329e-04
 1.713507e-04   9.314680e-05  -3.670044e-05  -9.349310e-05  -1.449262e-04   3.162377e-04  -9.968821e-02   1.077590e-01   9.855821e-05
-3.280596e-05   1.047499e-04   1.302972e-04  -1.637915e-05   1.573946e-04   3.202889e-05  -1.492329e-04   9.855821e-05   1.834540e-02

# timestamp: 1769115091.368932
 2.187771e-03   1.275492e-04  -4.323533e-05   2.558397e-03   1.973226e-04  -7.094386e-05  -4.333680e-04  -3.518802e-04  -1.442017e-04
 1.275492e-04   1.835473e-03   1.349047e-04   1.925516e-04   2.039280e-03   2.019361e-04   2.127331e-04  -5.368792e-04   5.707390e-05
-4.323533e-05   1.349047e-04   2.165839e-03  -6.963312e-05   2.098403e-04   2.542066e-03  -1.137444e-04   2.752532e-04  -4.129029e-04
 2.558397e-03   1.925516e-04  -6.963312e-05   7.776370e-03   2.959677e-04  -1.041835e-04  -2.373567e-04  -1.030683e-04  -3.828171e-05
 1.973226e-04   2.039280e-03   2.098403e-04   2.959677e-04   6.960881e-03   3.322358e-04   4.815050e-04  -7.221538e-04  -1.937600e-04
-7.094386e-05   2.019361e-04   2.542066e-03  -1.041835e-04   3.322358e-04   7.745977e-03  -2.692550e-04   4.014531e-04  -7.185831e-05
-4.333680e-04   2.127331e-04  -1.137444e-04  -2.373567e-04   4.815050e-04  -2.692550e-04   1.343943e-01  -1.043406e-01   1.036206e-04
-3.518802e-04  -5.368792e-04   2.752532e-04  -1.030683e-04  -7.221538e-04   4.014531e-04  -1.043406e-01   1.115912e-01  -1.309662e-04
-1.442017e-04   5.707390e-05  -4.129029e-04  -3.828171e-05  -1.937600e-04  -7.185831e-05   1.036206e-04  -1.309662e-04   1.791160e-02

# timestamp: 1769115092.2750382
 1.930175e-03   2.007318e-04   2.379582e-05   2.285428e-03   3.702105e-04   4.837627e-05   3.298917e-04  -2.825811e-04  -9.325400e-05
 2.007318e-04   1.648936e-03  -4.418887e-05   3.682688e-04   1.776875e-03  -9.255960e-05  -7.020839e-04   3.479701e-04   3.738922e-05
 2.379582e-05  -4.418887e-05   2.026774e-03   4.861095e-05  -9.113907e-05   2.468353e-03  -9.269394e-05   1.379722e-04   9.265197e-06
 2.285428e-03   3.682688e-04   4.861095e-05   7.440731e-03   7.022427e-04   9.048711e-05   7.838567e-04  -4.244360e-04  -3.724280e-05
 3.702105e-04   1.776875e-03  -9.113907e-05   7.022427e-04   6.457039e-03  -1.648391e-04  -1.403946e-03   9.300928e-04  -1.488830e-05
 4.837627e-05  -9.255960e-05   2.468353e-03   9.048711e-05  -1.648391e-04   7.780810e-03  -1.463244e-04   1.235367e-04   1.245199e-04
 3.298917e-04  -7.020839e-04  -9.269394e-05   7.838567e-04  -1.403946e-03  -1.463244e-04   1.377426e-01  -1.081526e-01   3.041719e-05
-2.825811e-04   3.479701e-04   1.379722e-04  -4.244360e-04   9.300928e-04   1.235367e-04  -1.081526e-01   1.146497e-01  -4.666689e-05
-9.325400e-05   3.738922e-05   9.265197e-06  -3.724280e-05  -1.488830e-05   1.245199e-04   3.041719e-05  -4.666689e-05   1.743684e-02

# timestamp: 1769115093.9007213
 2.338135e-03   5.692602e-05   9.962741e-05   2.661202e-03   7.402014e-05   1.860029e-04   1.727516e-04  -3.885397e-05   1.204331e-04
 5.692602e-05   2.269714e-03  -2.287875e-04   7.602671e-05   2.531409e-03  -4.941315e-04  -3.631795e-04   5.304196e-04  -5.815927e-05
 9.962741e-05  -2.287875e-04   1.685448e-03   1.996967e-04  -5.112217e-04   9.843279e-04  -2.052957e-03   1.716158e-03  -8.401255e-05
 2.661202e-03   7.602671e-05   1.996967e-04   7.847671e-03   1.579243e-04   4.784865e-04   5.550423e-04  -2.989128e-04   2.792913e-04
 7.402014e-05   2.531409e-03  -5.112217e-04   1.579243e-04   7.521154e-03  -1.285675e-03  -1.170132e-03   1.514690e-03  -1.389942e-04
 1.860029e-04  -4.941315e-04   9.843279e-04   4.784865e-04  -1.285675e-03   3.414310e-03  -5.699996e-03   4.882209e-03  -1.644236e-04
 1.727516e-04  -3.631795e-04  -2.052957e-03   5.550423e-04  -1.170132e-03  -5.699996e-03   1.393314e-01  -1.085714e-01   4.456307e-05
-3.885397e-05   5.304196e-04   1.716158e-03  -2.989128e-04   1.514690e-03   4.882209e-03  -1.085714e-01   1.160868e-01  -3.403582e-05
 1.204331e-04  -5.815927e-05  -8.401255e-05   2.792913e-04  -1.389942e-04  -1.644236e-04   4.456307e-05  -3.403582e-05   1.852550e-02

# timestamp: 1769115094.8070116
 2.645894e-03   7.024703e-06   2.317891e-05   3.104831e-03   6.929357e-06   2.302668e-05   1.570754e-04  -1.388600e-04  -3.386518e-06
 7.024703e-06   2.630371e-03  -6.209362e-05   6.671964e-06   3.089097e-03  -6.192340e-05  -4.415928e-04   3.790846e-04  -7.479863e-06
 2.317891e-05  -6.209362e-05   2.430801e-03   2.179489e-05  -6.095565e-05   2.889145e-03  -1.624756e-03   1.438903e-03  -1.565303e-05
 3.104831e-03   6.671964e-06   2.179489e-05   8.452102e-03   1.384182e-05   2.809914e-05   1.953363e-04  -1.238030e-04   1.057588e-04
 6.929357e-06   3.089097e-03  -6.095565e-05   1.384182e-05   8.431298e-03  -7.136381e-05  -3.769146e-04   4.861065e-04  -6.644580e-05
 2.302668e-05  -6.192340e-05   2.889145e-03   2.809914e-05  -7.136381e-05   8.229004e-03  -1.708724e-03   1.471918e-03  -7.127965e-05
 1.570754e-04  -4.415928e-04  -1.624756e-03   1.953363e-04  -3.769146e-04  -1.708724e-03   1.396808e-01  -1.086170e-01  -1.264451e-04
-1.388600e-04   3.790846e-04   1.438903e-03  -1.238030e-04   4.861065e-04   1.471918e-03  -1.086170e-01   1.164693e-01   1.099278e-04
-3.386518e-06  -7.479863e-06  -1.565303e-05   1.057588e-04  -6.644580e-05  -7.127965e-05  -1.264451e-04   1.099278e-04   1.884429e-02

# timestamp: 1769115095.8882492
 2.082018e-03   3.368389e-04  -3.035796e-04   1.758652e-03   8.970009e-04  -7.401944e-04   7.212541e-05  -1.395611e-04  -1.205966e-06
 3.368389e-04   2.329909e-03   1.852020e-04   9.048903e-04   2.392128e-03   5.026892e-04  -5.751305e-05   4.539002e-05  -2.373888e-05
-3.035796e-04   1.852020e-04   2.288864e-03  -7.117122e-04   4.781205e-04   2.538897e-03   1.149237e-04  -1.559929e-04   4.701561e-06
 1.758652e-03   9.048903e-04  -7.117122e-04   4.903196e-03   2.426480e-03  -1.909737e-03   1.086110e-04  -2.252465e-04  -5.205954e-05
 8.970009e-04   2.392128e-03   4.781205e-04   2.426480e-03   6.598075e-03   1.330807e-03  -3.972989e-05  -2.008328e-05   6.527772e-06
-7.401944e-04   5.026892e-04   2.538897e-03  -1.909737e-03   1.330807e-03   7.167399e-03   5.909033e-04  -6.127231e-04   2.918642e-05
 7.212541e-05  -5.751305e-05   1.149237e-04   1.086110e-04  -3.972989e-05   5.909033e-04   1.447693e-01  -1.134905e-01  -7.301297e-05
-1.395611e-04   4.539002e-05  -1.559929e-04  -2.252465e-04  -2.008328e-05  -6.127231e-04  -1.134905e-01   1.203312e-01   6.184552e-05
-1.205966e-06  -2.373888e-05   4.701561e-06  -5.205954e-05   6.527772e-06   2.918642e-05  -7.301297e-05   6.184552e-05   1.840307e-02

# timestamp: 1769115096.8308604
 2.157663e-03   9.546316e-05  -4.563554e-05   2.515684e-03   9.255329e-05  -5.046739e-05   3.251557e-04   2.402279e-04  -3.464212e-04
 9.546316e-05   2.255064e-03   4.511169e-05   9.065462e-05   2.602047e-03   4.799812e-05   5.567448e-04   6.807862e-04   4.415801e-04
-4.563554e-05   4.511169e-05   2.260681e-03  -4.908758e-05   4.473803e-05   2.612640e-03   3.437178e-04   1.385781e-04  -7.459061e-04
 2.515684e-03   9.065462e-05  -4.908758e-05   7.812910e-03   9.061480e-05  -6.196445e-05   2.177143e-04   1.747456e-04  -3.151227e-04
 9.255329e-05   2.602047e-03   4.473803e-05   9.061480e-05   7.895882e-03   4.846835e-05   4.317682e-04   4.810800e-04   3.562134e-04
-5.046739e-05   4.799812e-05   2.612640e-03  -6.196445e-05   4.846835e-05   7.887476e-03   3.567525e-04   5.480410e-05  -5.026787e-04
 3.251557e-04   5.567448e-04   3.437178e-04   2.177143e-04   4.317682e-04   3.567525e-04   1.502868e-01  -1.177937e-01  -1.014912e-04
 2.402279e-04   6.807862e-04   1.385781e-04   1.747456e-04   4.810800e-04   5.480410e-05  -1.177937e-01   1.247828e-01   9.502600e-05
-3.464212e-04   4.415801e-04  -7.459061e-04  -3.151227e-04   3.562134e-04  -5.026787e-04  -1.014912e-04   9.502600e-05   1.900739e-02

# timestamp: 1769115097.5958354
 2.154482e-03   1.861070e-04  -8.343472e-06   2.488332e-03   2.730609e-04  -1.676109e-05   1.232818e-03  -1.164846e-03  -3.043139e-04
 1.861070e-04   2.537359e-03   1.028393e-05   2.558451e-04   3.001607e-03   8.508962e-06  -9.336536e-05   9.451411e-04   2.887167e-04
-8.343472e-06   1.028393e-05   2.599686e-03  -2.267852e-05   9.361376e-06   3.109745e-03   2.480162e-04   1.063418e-04  -3.483193e-04
 2.488332e-03   2.558451e-04  -2.267852e-05   7.590986e-03   3.980488e-04  -3.034553e-05   1.505592e-03  -1.853162e-03  -1.634882e-05
 2.730609e-04   3.001607e-03   9.361376e-06   3.980488e-04   8.320443e-03   1.361499e-05  -6.348878e-04   8.202297e-04  -5.410240e-06
-1.676109e-05   8.508962e-06   3.109745e-03  -3.034553e-05   1.361499e-05   8.485403e-03   7.426839e-05  -1.123031e-05   6.912810e-05
 1.232818e-03  -9.336536e-05   2.480162e-04   1.505592e-03  -6.348878e-04   7.426839e-05   1.518406e-01  -1.183667e-01  -2.851905e-04
-1.164846e-03   9.451411e-04   1.063418e-04  -1.853162e-03   8.202297e-04  -1.123031e-05  -1.183667e-01   1.242228e-01   3.253041e-04
-3.043139e-04   2.887167e-04  -3.483193e-04  -1.634882e-05  -5.410240e-06   6.912810e-05  -2.851905e-04   3.253041e-04   1.897114e-02

# timestamp: 1769115098.3928356
 1.829587e-03   1.695778e-04   1.345267e-04   1.721454e-03   2.799304e-04   2.479737e-04   1.581737e-04  -1.983862e-04   2.297750e-04
 1.695778e-04   2.292081e-03  -4.166614e-05   2.798404e-04   2.511114e-03  -7.777375e-05  -2.208556e-04  -4.108697e-05  -1.698194e-04
 1.345267e-04  -4.166614e-05   2.309415e-03   2.432237e-04  -7.321464e-05   2.529352e-03  -6.210118e-05  -1.569809e-04   1.512094e-05
 1.721454e-03   2.798404e-04   2.432237e-04   6.335774e-03   5.116907e-04   4.478478e-04  -4.244956e-04   3.305889e-04   5.211487e-04
 2.799304e-04   2.511114e-03  -7.321464e-05   5.116907e-04   7.795291e-03  -1.331550e-04  -2.963586e-04  -5.602646e-04  -4.134451e-04
 2.479737e-04  -7.777375e-05   2.529352e-03   4.478478e-04  -1.331550e-04   7.820050e-03  -2.196626e-04  -2.915204e-04   2.642529e-04
 1.581737e-04  -2.208556e-04  -6.210118e-05  -4.244956e-04  -2.963586e-04  -2.196626e-04   1.558389e-01  -1.214029e-01  -1.386179e-04
-1.983862e-04  -4.108697e-05  -1.569809e-04   3.305889e-04  -5.602646e-04  -2.915204e-04  -1.214029e-01   1.277839e-01   1.256274e-04
 2.297750e-04  -1.698194e-04   1.512094e-05   5.211487e-04  -4.134451e-04   2.642529e-04  -1.386179e-04   1.256274e-04   1.969784e-02

# timestamp: 1769115099.3163028
 1.709255e-03   4.205538e-05   2.837484e-04   1.800206e-03   7.519010e-05   5.936578e-04   1.011578e-03  -7.720943e-04   1.149915e-04
 4.205538e-05   2.037035e-03  -3.260930e-05   7.491865e-05   2.459393e-03  -6.566125e-05  -9.733110e-05   5.764545e-05  -1.359955e-05
 2.837484e-04  -3.260930e-05   1.793718e-03   5.938747e-04  -6.564795e-05   1.937471e-03  -9.476410e-04   7.973514e-04  -2.671675e-05
 1.800206e-03   7.491865e-05   5.938747e-04   6.377016e-03   1.667250e-04   1.272160e-03   2.040662e-03  -1.606198e-03   2.110285e-04
 7.519010e-05   2.459393e-03  -6.564795e-05   1.667250e-04   7.800861e-03  -1.410220e-04  -1.446065e-04   9.934479e-05  -1.178260e-06
 5.936578e-04  -6.566125e-05   1.937471e-03   1.272160e-03  -1.410220e-04   6.685477e-03  -2.033031e-03   1.742785e-03  -1.311368e-04
 1.011578e-03  -9.733110e-05  -9.476410e-04   2.040662e-03  -1.446065e-04  -2.033031e-03   1.562933e-01  -1.236897e-01  -4.837579e-04
-7.720943e-04   5.764545e-05   7.973514e-04  -1.606198e-03   9.934479e-05   1.742785e-03  -1.236897e-01   1.288290e-01   4.046386e-04
 1.149915e-04  -1.359955e-05  -2.671675e-05   2.110285e-04  -1.178260e-06  -1.311368e-04  -4.837579e-04   4.046386e-04   1.810088e-02

# timestamp: 1769115100.0639353
 2.224719e-03  -8.300565e-05   3.838927e-04   2.587385e-03  -2.134122e-04   8.450838e-04  -2.242866e-04   4.230376e-04  -1.218123e-04
-8.300565e-05   2.401281e-03   1.778347e-04  -2.197854e-04   2.923703e-03   4.451304e-04  -4.665372e-04   5.408473e-04   8.985023e-05
 3.838927e-04   1.778347e-04   1.759004e-03   8.539365e-04   4.373755e-04   1.428960e-03   1.280988e-03  -9.505911e-04   1.218404e-04
 2.587385e-03  -2.197854e-04   8.539365e-04   7.360551e-03  -5.392651e-04   2.014861e-03  -1.652401e-03   1.564395e-03  -9.087529e-05
-2.134122e-04   2.923703e-03   4.373755e-04  -5.392651e-04   8.118829e-03   1.082072e-03  -1.172343e-03   1.089629e-03   3.253906e-05
 8.450838e-04   4.451304e-04   1.428960e-03   2.014861e-03   1.082072e-03   4.515792e-03   3.823816e-03  -3.191481e-03   1.268444e-04
-2.242866e-04  -4.665372e-04   1.280988e-03  -1.652401e-03  -1.172343e-03   3.823816e-03   1.542694e-01  -1.225477e-01  -5.495253e-04
 4.230376e-04   5.408473e-04  -9.505911e-04   1.564395e-03   1.089629e-03  -3.191481e-03  -1.225477e-01   1.277038e-01   4.709022e-04
-1.218123e-04   8.985023e-05   1.218404e-04  -9.087529e-05   3.253906e-05   1.268444e-04  -5.495253e-04   4.709022e-04   1.769985e-02

# timestamp: 1769115101.7618988
 2.547080e-03  -4.583236e-05   8.883675e-05   3.129320e-03  -5.974581e-05   1.139161e-04  -3.782441e-04   1.012832e-04   6.975050e-05
-4.583236e-05   2.491930e-03   1.529631e-04  -5.916028e-05   3.060507e-03   1.966673e-04  -3.417751e-04   2.503649e-04  -5.277795e-05
 8.883675e-05   1.529631e-04   2.283388e-03   1.136921e-04   1.971253e-04   2.789858e-03   6.502902e-04  -6.720536e-04  -1.514199e-04
 3.129320e-03  -5.916028e-05   1.136921e-04   8.494379e-03  -7.931248e-05   1.566900e-04  -1.780429e-04   1.640771e-04  -1.761769e-05
-5.974581e-05   3.060507e-03   1.971253e-04  -7.931248e-05   8.408213e-03   2.608366e-04  -2.969719e-04   2.799864e-04  -9.266214e-07
 1.139161e-04   1.966673e-04   2.789858e-03   1.566900e-04   2.608366e-04   8.041462e-03   5.644014e-04  -4.942455e-04   1.698979e-05
-3.782441e-04  -3.417751e-04   6.502902e-04  -1.780429e-04  -2.969719e-04   5.644014e-04   1.597441e-01  -1.275646e-01  -3.788809e-04
 1.012832e-04   2.503649e-04  -6.720536e-04   1.640771e-04   2.799864e-04  -4.942455e-04  -1.275646e-01   1.321218e-01   3.347228e-04
 6.975050e-05  -5.277795e-05  -1.514199e-04  -1.761769e-05  -9.266214e-07   1.698979e-05  -3.788809e-04   3.347228e-04   1.761533e-02

# timestamp: 1769115102.9471295
 2.520201e-03  -5.452828e-06   4.953778e-06   2.941887e-03  -5.036409e-06   4.154586e-06   1.265464e-04   2.367026e-05  -3.560361e-05
-5.452828e-06   2.395177e-03   1.146335e-04  -4.849004e-06   2.820478e-03   1.076268e-04   9.319506e-04  -9.102180e-04  -6.023624e-05
 4.953778e-06   1.146335e-04   2.413886e-03   3.999771e-06   1.101915e-04   2.842061e-03  -9.056966e-04   8.518053e-04   1.338444e-04
 2.941887e-03  -4.849004e-06   3.999771e-06   8.206854e-03  -6.440989e-06   7.953064e-06   3.297170e-04   1.154628e-04  -6.604816e-05
-5.036409e-06   2.820478e-03   1.101915e-04  -6.440989e-06   8.082213e-03   1.116682e-04   9.999047e-04  -9.393290e-04  -4.238917e-05
 4.154586e-06   1.076268e-04   2.842061e-03   7.953064e-06   1.116682e-04   8.099339e-03  -1.037818e-03   1.011587e-03   3.309641e-04
 1.265464e-04   9.319506e-04  -9.056966e-04   3.297170e-04   9.999047e-04  -1.037818e-03   1.590490e-01  -1.263927e-01   1.885018e-05
 2.367026e-05  -9.102180e-04   8.518053e-04   1.154628e-04  -9.393290e-04   1.011587e-03  -1.263927e-01   1.315785e-01  -1.807909e-05
-3.560361e-05  -6.023624e-05   1.338444e-04  -6.604816e-05  -4.238917e-05   3.309641e-04   1.885018e-05  -1.807909e-05   1.816378e-02

# timestamp: 1769115103.7841167
 2.522607e-03  -5.646772e-05   3.905166e-05   2.874238e-03  -7.124338e-05   4.927718e-05  -6.928755e-04  -1.703056e-04   2.704858e-05
-5.646772e-05   2.267762e-03   1.928152e-04  -7.155266e-05   2.562296e-03   2.375615e-04  -1.327650e-03   1.382415e-03   1.698142e-05
 3.905166e-05   1.928152e-04   2.382678e-03   5.087040e-05   2.384966e-04   2.703449e-03   1.072555e-03  -9.359794e-04  -5.872454e-04
 2.874238e-03  -7.155266e-05   5.087040e-05   8.225085e-03  -9.165561e-05   6.557296e-05  -8.102965e-04  -9.739405e-05   2.380293e-05
-7.124338e-05   2.562296e-03   2.384966e-04  -9.165561e-05   7.816490e-03   3.180536e-04  -2.123273e-03   2.138615e-03   2.962722e-05
 4.927718e-05   2.375615e-04   2.703449e-03   6.557296e-05   3.180536e-04   7.993640e-03   1.748952e-03  -1.526557e-03  -6.225420e-04
-6.928755e-04  -1.327650e-03   1.072555e-03  -8.102965e-04  -2.123273e-03   1.748952e-03   1.533920e-01  -1.207488e-01  -3.468458e-05
-1.703056e-04   1.382415e-03  -9.359794e-04  -9.739405e-05   2.138615e-03  -1.526557e-03  -1.207488e-01   1.279294e-01   2.387814e-05
 2.704858e-05   1.698142e-05  -5.872454e-04   2.380293e-05   2.962722e-05  -6.225420e-04  -3.468458e-05   2.387814e-05   1.924051e-02

# timestamp: 1769115104.6021168
 2.453489e-03  -1.390798e-04   1.197422e-04   2.897610e-03  -2.180836e-04   1.883986e-04   3.181500e-05   1.555773e-04   1.984752e-05
-1.390798e-04   2.167000e-03   2.952845e-04  -2.190383e-04   2.456002e-03   4.593170e-04  -3.827239e-04   2.913492e-04   5.397324e-05
