# timestamp: 1763595634.8528328
 2.313060e+00   0.000000e+00   0.000000e+00   1.183280e+00   0.000000e+00   0.000000e+00   0.000000e+00   0.000000e+00   0.000000e+00
 0.000000e+00   2.313060e+00   0.000000e+00   0.000000e+00   1.183280e+00   0.000000e+00   0.000000e+00   0.000000e+00   0.000000e+00
 0.000000e+00   0.000000e+00   2.313060e+00   0.000000e+00   0.000000e+00   1.183280e+00   0.000000e+00   0.000000e+00   0.000000e+00
 1.183280e+00   0.000000e+00   0.000000e+00   1.112000e+00   0.000000e+00   0.000000e+00   0.000000e+00   0.000000e+00   0.000000e+00
 0.000000e+00   1.183280e+00   0.000000e+00   0.000000e+00   1.112000e+00   0.000000e+00   0.000000e+00   0.000000e+00   0.000000e+00
 0.000000e+00   0.000000e+00   1.183280e+00   0.000000e+00   0.000000e+00   1.112000e+00   0.000000e+00   0.000000e+00   0.000000e+00
 0.000000e+00   0.000000e+00   0.000000e+00   0.000000e+00   0.000000e+00   0.000000e+00   1.112000e+00   0.000000e+00   0.000000e+00
 0.000000e+00   0.000000e+00   0.000000e+00   0.000000e+00   0.000000e+00   0.000000e+00   0.000000e+00   1.112000e+00   0.000000e+00
 0.000000e+00   0.000000e+00   0.000000e+00   0.000000e+00   0.000000e+00   0.000000e+00   0.000000e+00   0.000000e+00   1.112000e+00

# timestamp: 1763595636.1134799
 7.034131e+00   0.000000e+00   0.000000e+00   2.639660e+00   0.000000e+00   0.000000e+00   0.000000e+00   0.000000e+00   0.000000e+00
 0.000000e+00   7.034131e+00   0.000000e+00   0.000000e+00   2.639660e+00   0.000000e+00   0.000000e+00   0.000000e+00   0.000000e+00
 0.000000e+00   0.000000e+00   7.034131e+00   0.000000e+00   0.000000e+00   2.639660e+00   0.000000e+00   0.000000e+00   0.000000e+00
 2.639660e+00   0.000000e+00   0.000000e+00   1.236000e+00   0.000000e+00   0.000000e+00   0.000000e+00   0.000000e+00   0.000000e+00
 0.000000e+00   2.639660e+00   0.000000e+00   0.000000e+00   1.236000e+00   0.000000e+00   0.000000e+00   0.000000e+00   0.000000e+00
 0.000000e+00   0.000000e+00   2.639660e+00   0.000000e+00   0.000000e+00   1.236000e+00   0.000000e+00   0.000000e+00   0.000000e+00
 0.000000e+00   0.000000e+00   0.000000e+00   0.000000e+00   0.000000e+00   0.000000e+00   1.236000e+00   0.000000e+00   0.000000e+00
 0.000000e+00   0.000000e+00   0.000000e+00   0.000000e+00   0.000000e+00   0.000000e+00   0.000000e+00   1.236000e+00   0.000000e+00
 0.000000e+00   0.000000e+00   0.000000e+00   0.000000e+00   0.000000e+00   0.000000e+00   0.000000e+00   0.000000e+00   1.236000e+00

# timestamp: 1763595636.5075347
 9.349833e+00   0.000000e+00   0.000000e+00   3.142260e+00   0.000000e+00   0.000000e+00   0.000000e+00   0.000000e+00   0.000000e+00
 0.000000e+00   9.349833e+00   0.000000e+00   0.000000e+00   3.142260e+00   0.000000e+00   0.000000e+00   0.000000e+00   0.000000e+00
 0.000000e+00   0.000000e+00   9.349833e+00   0.000000e+00   0.000000e+00   3.142260e+00   0.000000e+00   0.000000e+00   0.000000e+00
 3.142260e+00   0.000000e+00   0.000000e+00   1.276000e+00   0.000000e+00   0.000000e+00   0.000000e+00   0.000000e+00   0.000000e+00
 0.000000e+00   3.142260e+00   0.000000e+00   0.000000e+00   1.276000e+00   0.000000e+00   0.000000e+00   0.000000e+00   0.000000e+00
 0.000000e+00   0.000000e+00   3.142260e+00   0.000000e+00   0.000000e+00   1.276000e+00   0.000000e+00   0.000000e+00   0.000000e+00
 0.000000e+00   0.000000e+00   0.000000e+00   0.000000e+00   0.000000e+00   0.000000e+00   1.276000e+00   0.000000e+00   0.000000e+00
 0.000000e+00   0.000000e+00   0.000000e+00   0.000000e+00   0.000000e+00   0.000000e+00   0.000000e+00   1.276000e+00   0.000000e+00
 0.000000e+00   0.000000e+00   0.000000e+00   0.000000e+00   0.000000e+00   0.000000e+00   0.000000e+00   0.000000e+00   1.276000e+00

# timestamp: 1763595636.8751025
 1.178285e+01   0.000000e+00   0.000000e+00   3.608280e+00   0.000000e+00   0.000000e+00   0.000000e+00   0.000000e+00   0.000000e+00
 0.000000e+00   1.178285e+01   0.000000e+00   0.000000e+00   3.608280e+00   0.000000e+00   0.000000e+00   0.000000e+00   0.000000e+00
 0.000000e+00   0.000000e+00   1.178285e+01   0.000000e+00   0.000000e+00   3.608280e+00   0.000000e+00   0.000000e+00   0.000000e+00
 3.608280e+00   0.000000e+00   0.000000e+00   1.312000e+00   0.000000e+00   0.000000e+00   0.000000e+00   0.000000e+00   0.000000e+00
 0.000000e+00   3.608280e+00   0.000000e+00   0.000000e+00   1.312000e+00   0.000000e+00   0.000000e+00   0.000000e+00   0.000000e+00
 0.000000e+00   0.000000e+00   3.608280e+00   0.000000e+00   0.000000e+00   1.312000e+00   0.000000e+00   0.000000e+00   0.000000e+00
 0.000000e+00   0.000000e+00   0.000000e+00   0.000000e+00   0.000000e+00   0.000000e+00   1.312000e+00   0.000000e+00   0.000000e+00
 0.000000e+00   0.000000e+00   0.000000e+00   0.000000e+00   0.000000e+00   0.000000e+00   0.000000e+00   1.312000e+00   0.000000e+00
 0.000000e+00   0.000000e+00   0.000000e+00   0.000000e+00   0.000000e+00   0.000000e+00   0.000000e+00   0.000000e+00   1.312000e+00

# timestamp: 1763595637.365935
 1.564292e+01   0.000000e+00   0.000000e+00   4.263410e+00   0.000000e+00   0.000000e+00   0.000000e+00   0.000000e+00   0.000000e+00
 0.000000e+00   1.564292e+01   0.000000e+00   0.000000e+00   4.263410e+00   0.000000e+00   0.000000e+00   0.000000e+00   0.000000e+00
 0.000000e+00   0.000000e+00   1.564292e+01   0.000000e+00   0.000000e+00   4.263410e+00   0.000000e+00   0.000000e+00   0.000000e+00
 4.263410e+00   0.000000e+00   0.000000e+00   1.361000e+00   0.000000e+00   0.000000e+00   0.000000e+00   0.000000e+00   0.000000e+00
 0.000000e+00   4.263410e+00   0.000000e+00   0.000000e+00   1.361000e+00   0.000000e+00   0.000000e+00   0.000000e+00   0.000000e+00
 0.000000e+00   0.000000e+00   4.263410e+00   0.000000e+00   0.000000e+00   1.361000e+00   0.000000e+00   0.000000e+00   0.000000e+00
 0.000000e+00   0.000000e+00   0.000000e+00   0.000000e+00   0.000000e+00   0.000000e+00   1.361000e+00   0.000000e+00   0.000000e+00
 0.000000e+00   0.000000e+00   0.000000e+00   0.000000e+00   0.000000e+00   0.000000e+00   0.000000e+00   1.361000e+00   0.000000e+00
 0.000000e+00   0.000000e+00   0.000000e+00   0.000000e+00   0.000000e+00   0.000000e+00   0.000000e+00   0.000000e+00   1.361000e+00

# timestamp: 1763595637.779998
 1.947102e+01   0.000000e+00   0.000000e+00   4.844060e+00   0.000000e+00   0.000000e+00   0.000000e+00   0.000000e+00   0.000000e+00
 0.000000e+00   1.947102e+01   0.000000e+00   0.000000e+00   4.844060e+00   0.000000e+00   0.000000e+00   0.000000e+00   0.000000e+00
 0.000000e+00   0.000000e+00   1.947102e+01   0.000000e+00   0.000000e+00   4.844060e+00   0.000000e+00   0.000000e+00   0.000000e+00
 4.844060e+00   0.000000e+00   0.000000e+00   1.403000e+00   0.000000e+00   0.000000e+00   0.000000e+00   0.000000e+00   0.000000e+00
 0.000000e+00   4.844060e+00   0.000000e+00   0.000000e+00   1.403000e+00   0.000000e+00   0.000000e+00   0.000000e+00   0.000000e+00
 0.000000e+00   0.000000e+00   4.844060e+00   0.000000e+00   0.000000e+00   1.403000e+00   0.000000e+00   0.000000e+00   0.000000e+00
 0.000000e+00   0.000000e+00   0.000000e+00   0.000000e+00   0.000000e+00   0.000000e+00   1.403000e+00   0.000000e+00   0.000000e+00
 0.000000e+00   0.000000e+00   0.000000e+00   0.000000e+00   0.000000e+00   0.000000e+00   0.000000e+00   1.403000e+00   0.000000e+00
 0.000000e+00   0.000000e+00   0.000000e+00   0.000000e+00   0.000000e+00   0.000000e+00   0.000000e+00   0.000000e+00   1.403000e+00

# timestamp: 1763595638.151481
 2.325315e+01   0.000000e+00   0.000000e+00   5.370200e+00   0.000000e+00   0.000000e+00   0.000000e+00   0.000000e+00   0.000000e+00
 0.000000e+00   2.325315e+01   0.000000e+00   0.000000e+00   5.370200e+00   0.000000e+00   0.000000e+00   0.000000e+00   0.000000e+00
 0.000000e+00   0.000000e+00   2.325315e+01   0.000000e+00   0.000000e+00   5.370200e+00   0.000000e+00   0.000000e+00   0.000000e+00
 5.370200e+00   0.000000e+00   0.000000e+00   1.440000e+00   0.000000e+00   0.000000e+00   0.000000e+00   0.000000e+00   0.000000e+00
 0.000000e+00   5.370200e+00   0.000000e+00   0.000000e+00   1.440000e+00   0.000000e+00   0.000000e+00   0.000000e+00   0.000000e+00
 0.000000e+00   0.000000e+00   5.370200e+00   0.000000e+00   0.000000e+00   1.440000e+00   0.000000e+00   0.000000e+00   0.000000e+00
 0.000000e+00   0.000000e+00   0.000000e+00   0.000000e+00   0.000000e+00   0.000000e+00   1.440000e+00   0.000000e+00   0.000000e+00
 0.000000e+00   0.000000e+00   0.000000e+00   0.000000e+00   0.000000e+00   0.000000e+00   0.000000e+00   1.440000e+00   0.000000e+00
 0.000000e+00   0.000000e+00   0.000000e+00   0.000000e+00   0.000000e+00   0.000000e+00   0.000000e+00   0.000000e+00   1.440000e+00

# timestamp: 1763595638.6457934
 3.061007e-02  -1.149905e-02   0.000000e+00   1.457265e-02  -2.417322e-03   0.000000e+00   0.000000e+00   0.000000e+00   1.710740e-01
-1.149905e-02   1.760519e-02   0.000000e+00  -2.417322e-03   1.183877e-02   0.000000e+00   0.000000e+00   0.000000e+00  -9.979315e-02
 0.000000e+00   0.000000e+00   3.731785e-02   0.000000e+00   0.000000e+00   1.598275e-02  -1.710740e-01   9.979315e-02   0.000000e+00
 1.457265e-02  -2.417322e-03   0.000000e+00   2.101059e-01  -5.081675e-04   0.000000e+00   0.000000e+00   0.000000e+00   3.596304e-02
-2.417322e-03   1.183877e-02   0.000000e+00  -5.081675e-04   2.095312e-01   0.000000e+00   0.000000e+00   0.000000e+00  -2.097844e-02
 0.000000e+00   0.000000e+00   1.598275e-02   0.000000e+00   0.000000e+00   2.104024e-01  -3.596304e-02   2.097844e-02   0.000000e+00
 0.000000e+00   0.000000e+00  -1.710740e-01   0.000000e+00   0.000000e+00  -3.596304e-02   1.488989e+00   5.895983e-04   0.000000e+00
 0.000000e+00   0.000000e+00   9.979315e-02   0.000000e+00   0.000000e+00   2.097844e-02   5.895983e-04   1.489656e+00   0.000000e+00
 1.710740e-01  -9.979315e-02   0.000000e+00   3.596304e-02  -2.097844e-02   0.000000e+00   0.000000e+00   0.000000e+00   1.488645e+00

# timestamp: 1763595638.9315143
 2.729996e-02  -1.170324e-02   8.712773e-04   2.150038e-02  -1.065898e-03   1.548514e-05  -6.092580e-03   3.554005e-03   1.752279e-01
-1.170324e-02   1.396951e-02   1.984911e-03  -1.247956e-03   1.997957e-02   1.559853e-04  -1.336593e-02   7.796791e-03  -1.018332e-01
 8.712773e-04   1.984911e-03   2.456445e-02   3.978396e-03   6.972983e-03   1.923442e-02  -1.192886e-01   6.958504e-02  -1.665041e-03
 2.150038e-02  -1.247956e-03   3.978396e-03   1.355451e-01   9.000468e-04   2.221814e-04  -2.695333e-02   1.572278e-02   2.568648e-02
-1.065898e-03   1.997957e-02   6.972983e-03   9.000468e-04   1.365458e-01   4.038120e-04  -4.718358e-02   2.752375e-02  -1.330290e-02
 1.548514e-05   1.559853e-04   1.923442e-02   2.221814e-04   4.038120e-04   1.345214e-01  -6.655510e-03   3.882381e-03  -4.768947e-04
-6.092580e-03  -1.336593e-02  -1.192886e-01  -2.695333e-02  -4.718358e-02  -6.655510e-03   1.194630e+00   1.886326e-01   9.755195e-03
 3.554005e-03   7.796791e-03   6.958504e-02   1.572278e-02   2.752375e-02   3.882381e-03   1.886326e-01   1.407964e+00  -5.690531e-03
 1.752279e-01  -1.018332e-01  -1.665041e-03   2.568648e-02  -1.330290e-02  -4.768947e-04   9.755195e-03  -5.690531e-03   1.514781e+00

# timestamp: 1763595639.3846326
 2.929678e-02  -1.163322e-02   1.571527e-04   1.743039e-02  -2.875998e-05  -6.916459e-04  -5.095920e-03   2.972620e-03   1.792717e-01
-1.163322e-02   1.618658e-02   1.383853e-03  -6.870088e-05   1.741811e-02  -1.237885e-03  -1.636172e-02   9.544337e-03  -1.044693e-01
 1.571527e-04   1.383853e-03   9.961856e-03   1.274490e-03   2.370799e-03   1.336164e-02  -2.075674e-02   1.210810e-02  -3.902476e-03
 1.743039e-02  -6.870088e-05   1.274490e-03   7.138739e-02   1.128761e-03  -1.505311e-03  -1.684569e-02   9.826654e-03   1.516361e-02
-2.875998e-05   1.741811e-02   2.370799e-03   1.128761e-03   7.284970e-02  -2.694724e-03  -3.075055e-02   1.793782e-02  -8.248146e-03
-6.916459e-04  -1.237885e-03   1.336164e-02  -1.505311e-03  -2.694724e-03   7.270818e-02   2.389971e-02  -1.394150e-02  -1.545385e-04
-5.095920e-03  -1.636172e-02  -2.075674e-02  -1.684569e-02  -3.075055e-02   2.389971e-02   6.688581e-01   5.215828e-01   2.491831e-02
 2.972620e-03   9.544337e-03   1.210810e-02   9.826654e-03   1.793782e-02  -1.394150e-02   5.215828e-01   1.258743e+00  -1.453568e-02
 1.792717e-01  -1.044693e-01  -3.902476e-03   1.516361e-02  -8.248146e-03  -1.545385e-04   2.491831e-02  -1.453568e-02   1.558094e+00

# timestamp: 1763595639.8202767
 7.762380e-03  -7.745936e-05  -7.815199e-06   1.228857e-02  -7.024933e-06  -1.874372e-05   1.317652e-05  -7.686304e-06   1.827715e-04
-7.745936e-05   7.675616e-03  -1.176853e-05  -7.127562e-06   1.228203e-02  -3.723756e-05   2.096386e-05  -1.222892e-05  -1.073398e-04
-7.815199e-06  -1.176853e-05   7.766140e-03  -1.699492e-05  -3.215614e-05   1.238808e-02  -1.605356e-04   9.364578e-05  -1.468104e-07
 1.228857e-02  -7.127562e-06  -1.699492e-05   5.980401e-02  -6.394216e-04  -3.723254e-05   2.257183e-05  -1.316690e-05   1.170121e-05
-7.024933e-06   1.228203e-02  -3.215614e-05  -6.394216e-04   5.908583e-02  -4.414677e-05   4.023858e-05  -2.347251e-05  -7.853320e-06
-1.874372e-05  -3.723756e-05   1.238808e-02  -3.723254e-05  -4.414677e-05   5.977031e-02  -5.599304e-05   3.266261e-05   1.580241e-06
 1.317652e-05   2.096386e-05  -1.605356e-04   2.257183e-05   4.023858e-05  -5.599304e-05   1.593840e-03   2.664843e-06   1.236488e-07
-7.686304e-06  -1.222892e-05   9.364578e-05  -1.316690e-05  -2.347251e-05   3.266261e-05   2.664843e-06   1.596854e-03  -7.212846e-08
 1.827715e-04  -1.073398e-04  -1.468104e-07   1.170121e-05  -7.853320e-06   1.580241e-06   1.236488e-07  -7.212846e-08   1.598401e-03

# timestamp: 1763595640.2451105
 6.673110e-03  -1.185492e-05  -2.597118e-07   1.062514e-02  -4.280853e-05  -3.337473e-08  -1.130908e-06   6.596963e-07   2.412692e-05
-1.185492e-05   6.659785e-03  -2.418588e-07  -4.282561e-05   1.057687e-02   1.411176e-06  -1.686967e-06   9.840638e-07  -1.409801e-05
-2.597118e-07  -2.418588e-07   6.675845e-03   2.883819e-07   2.272848e-06   1.061572e-02  -2.403869e-05   1.402257e-05  -1.462686e-07
 1.062514e-02  -4.282561e-05   2.883819e-07   5.647150e-02  -3.253368e-04   1.547550e-06  -1.668227e-06   9.731323e-07   3.567786e-05
-4.280853e-05   1.057687e-02   2.272848e-06  -3.253368e-04   5.610444e-02   1.728748e-05  -2.491886e-06   1.453600e-06  -2.084744e-05
-3.337473e-08   1.411176e-06   1.061572e-02   1.547550e-06   1.728748e-05   5.633341e-02  -3.546997e-05   2.069082e-05  -2.176809e-07
-1.130908e-06  -1.686967e-06  -2.403869e-05  -1.668227e-06  -2.491886e-06  -3.546997e-05   1.164386e-03   3.846028e-08   8.654850e-13
 6.596963e-07   9.840638e-07   1.402257e-05   9.731323e-07   1.453600e-06   2.069082e-05   3.846028e-08   1.164430e-03  -5.048662e-13
 2.412692e-05  -1.409801e-05  -1.462686e-07   3.567786e-05  -2.084744e-05  -2.176809e-07   8.654850e-13  -5.048662e-13   1.164364e-03

# timestamp: 1763595640.6307817
 7.943754e-03  -1.208270e-05   4.369347e-07   1.321041e-02  -3.181389e-05   6.150856e-07  -1.423294e-07   8.302547e-08   3.055489e-06
-1.208270e-05   7.930118e-03   1.101795e-06  -3.181736e-05   1.317450e-02   2.285441e-06  -2.142630e-07   1.249868e-07  -1.785358e-06
 4.369347e-07   1.101795e-06   7.942854e-03   6.797321e-07   2.459297e-06   1.320030e-02  -3.043133e-06   1.775161e-06  -1.731962e-08
 1.321041e-02  -3.181736e-05   6.797321e-07   6.048078e-02  -1.070729e-04   8.500489e-07  -2.059834e-07   1.201570e-07   4.431661e-06
-3.181389e-05   1.317450e-02   2.459297e-06  -1.070729e-04   6.035998e-02   6.012829e-06  -3.102838e-07   1.809989e-07  -2.589465e-06
 6.150856e-07   2.285441e-06   1.320030e-02   8.500489e-07   6.012829e-06   6.043852e-02  -4.407649e-06   2.571128e-06  -2.523150e-08
-1.423294e-07  -2.142630e-07  -3.043133e-06  -2.059834e-07  -3.102838e-07  -4.407649e-06   1.061031e-03   5.788421e-10   2.110856e-14
 8.302547e-08   1.249868e-07   1.775161e-06   1.201570e-07   1.809989e-07   2.571128e-06   5.788421e-10   1.061031e-03  -1.231333e-14
 3.055489e-06  -1.785358e-06  -1.731962e-08   4.431661e-06  -2.589465e-06  -2.523150e-08   2.110856e-14  -1.231333e-14   1.061030e-03

# timestamp: 1763595641.0863736
 7.622726e-03  -8.052829e-06   8.121270e-07   1.203927e-02  -1.158914e-05   1.054326e-06  -2.355029e-06   1.373767e-06   3.779883e-05
-8.052829e-06   7.616454e-03   1.198330e-06  -1.158923e-05   1.203008e-02   1.586080e-06  -3.776026e-06   2.202682e-06  -2.761342e-05
 8.121270e-07   1.198330e-06   7.626478e-03   1.063715e-06   1.611142e-06   1.204338e-02  -4.018101e-05   2.343892e-05   3.796747e-07
 1.203927e-02  -1.158923e-05   1.063715e-06   5.804045e-02  -2.119926e-05   1.508300e-06  -3.334076e-06   1.944878e-06   5.350786e-05
-1.158914e-05   1.203008e-02   1.611142e-06  -2.119926e-05   5.802200e-02   2.400994e-06  -5.346003e-06   3.118502e-06  -3.909155e-05
 1.054326e-06   1.586080e-06   1.204338e-02   1.508300e-06   2.400994e-06   5.804610e-02  -5.687392e-05   3.317645e-05   5.375219e-07
-2.355029e-06  -3.776026e-06  -4.018101e-05  -3.334076e-06  -5.346003e-06  -5.687392e-05   3.232223e-03   8.841200e-08  -7.835247e-13
 1.373767e-06   2.202682e-06   2.343892e-05   1.944878e-06   3.118502e-06   3.317645e-05   8.841200e-08   3.232323e-03   4.570561e-13
 3.779883e-05  -2.761342e-05   3.796747e-07   5.350786e-05  -3.909155e-05   5.375219e-07  -7.835247e-13   4.570561e-13   3.232171e-03

# timestamp: 1763595641.430536
 5.878945e-03  -3.640440e-06   3.620141e-07   9.575501e-03  -4.076966e-06   3.811505e-07  -1.376425e-06   8.029143e-07   2.459325e-05
-3.640440e-06   5.875214e-03   5.956406e-07  -4.077167e-06   9.571063e-03   6.493851e-07  -1.768381e-06   1.031556e-06  -1.487867e-05
 3.620141e-07   5.956406e-07   5.880944e-03   3.834897e-07   6.537763e-07   9.577670e-03  -2.472755e-05   1.442440e-05  -3.049031e-07
 9.575501e-03  -4.077167e-06   3.834897e-07   5.475583e-02  -7.945568e-06   6.983114e-07  -2.064270e-06   1.204157e-06   3.684872e-05
-4.076966e-06   9.571063e-03   6.537763e-07  -7.945568e-06   5.474745e-02   1.160344e-06  -2.649605e-06   1.545603e-06  -2.229284e-05
 3.811505e-07   6.493851e-07   9.577670e-03   6.983114e-07   1.160344e-06   5.476027e-02  -3.704999e-05   2.161250e-05  -4.588113e-07
-1.376425e-06  -1.768381e-06  -2.472755e-05  -2.064270e-06  -2.649605e-06  -3.704999e-05   2.069298e-03   6.066078e-08  -2.136904e-14
 8.029143e-07   1.031556e-06   1.442440e-05   1.204157e-06   1.545603e-06   2.161250e-05   6.066078e-08   2.069366e-03   1.246527e-14
 2.459325e-05  -1.487867e-05  -3.049031e-07   3.684872e-05  -2.229284e-05  -4.588113e-07  -2.136904e-14   1.246527e-14   2.069262e-03

# timestamp: 1763595641.8336735
 6.438935e-03  -3.613413e-06   3.391405e-07   1.054914e-02  -4.484664e-06   4.153843e-07  -1.022871e-06   5.966746e-07   2.310562e-05
-3.613413e-06   6.434869e-03   5.802061e-07  -4.484767e-06   1.054408e-02   7.112862e-07  -1.558218e-06   9.089604e-07  -1.350316e-05
 3.391405e-07   5.802061e-07   6.440985e-03   4.157768e-07   7.120672e-07   1.055171e-02  -2.304136e-05   1.344079e-05  -1.125465e-07
 1.054914e-02  -4.484767e-06   4.157768e-07   5.580940e-02  -8.624462e-06   8.183512e-07  -1.562831e-06   9.116511e-07   3.530357e-05
-4.484664e-06   1.054408e-02   7.120672e-07  -8.624462e-06   5.580016e-02   1.359694e-06  -2.380742e-06   1.388766e-06  -2.063168e-05
 4.153843e-07   7.112862e-07   1.055171e-02   8.183512e-07   1.359694e-06   5.581439e-02  -3.520547e-05   2.053652e-05  -1.719834e-07
-1.022871e-06  -1.558218e-06  -2.304136e-05  -1.562831e-06  -2.380742e-06  -3.520547e-05   1.164178e-03   4.065209e-08   1.868794e-15
 5.966746e-07   9.089604e-07   1.344079e-05   9.116511e-07   1.388766e-06   2.053652e-05   4.065209e-08   1.164224e-03  -1.090130e-15
 2.310562e-05  -1.350316e-05  -1.125465e-07   3.530357e-05  -2.063168e-05  -1.719834e-07   1.868794e-15  -1.090130e-15   1.164155e-03

# timestamp: 1763595642.1619103
 6.502391e-03  -4.282377e-06   4.005597e-07   1.080718e-02  -5.595145e-06   5.238769e-07  -2.107955e-06   1.229640e-06   5.079867e-05
-4.282377e-06   6.497659e-03   6.788316e-07  -5.595114e-06   1.080104e-02   8.846748e-07  -3.497129e-06   2.039992e-06  -2.995539e-05
 4.005597e-07   6.788316e-07   6.504854e-03   5.239010e-07   8.848758e-07   1.081041e-02  -5.077583e-05   2.961924e-05  -4.575731e-08
 1.080718e-02  -5.595114e-06   5.239010e-07   5.600352e-02  -9.983446e-06   9.460833e-07  -3.280688e-06   1.913735e-06   7.905987e-05
-5.595145e-06   1.080104e-02   8.848758e-07  -9.983446e-06   5.599271e-02   1.585934e-06  -5.442656e-06   3.174882e-06  -4.662075e-05
 5.238769e-07   8.846748e-07   1.081041e-02   9.460833e-07   1.585934e-06   5.600926e-02  -7.902435e-05   4.609754e-05  -7.123952e-08
-2.107955e-06  -3.497129e-06  -5.077583e-05  -3.280688e-06  -5.442656e-06  -7.902435e-05   3.081712e-03   1.919225e-07  -4.532888e-15
 1.229640e-06   2.039992e-06   2.961924e-05   1.913735e-06   3.174882e-06   4.609754e-05   1.919225e-07   3.081929e-03   2.644185e-15
 5.079867e-05  -2.995539e-05  -4.575731e-08   7.905987e-05  -4.662075e-05  -7.123952e-08  -4.532888e-15   2.644185e-15   3.081600e-03

# timestamp: 1763595642.6846914
 5.281230e-03  -1.655581e-06   1.605339e-07   8.659633e-03  -1.437562e-06   1.408788e-07   9.762933e-08  -5.695044e-08  -2.664056e-06
-1.655581e-06   5.279410e-03   2.714480e-07  -1.437522e-06   8.658056e-03   2.381990e-07   1.913279e-07  -1.116079e-07   1.571400e-06
 1.605339e-07   2.714480e-07   5.282183e-03   1.411598e-07   2.381536e-07   8.660459e-03   2.663043e-06  -1.553441e-06  -1.522640e-08
 8.659633e-03  -1.437522e-06   1.411598e-07   5.301129e-02  -3.978808e-06   3.830602e-07   1.723282e-07  -1.005248e-07  -4.550024e-06
-1.437562e-06   8.658056e-03   2.381536e-07  -3.978808e-06   5.300691e-02   6.479560e-07   3.267340e-07  -1.905948e-07   2.685014e-06
 1.408788e-07   2.381990e-07   8.660459e-03   3.830602e-07   6.479560e-07   5.301357e-02   4.548575e-06  -2.653336e-06  -2.048138e-08
 9.762933e-08   1.913279e-07   2.663043e-06   1.723282e-07   3.267340e-07   4.548575e-06   3.168953e-03   1.745879e-07   3.011475e-15
-5.695044e-08  -1.116079e-07  -1.553441e-06  -1.005248e-07  -1.905948e-07  -2.653336e-06   1.745879e-07   3.169150e-03  -1.756693e-15
-2.664056e-06   1.571400e-06  -1.522640e-08  -4.550024e-06   2.685014e-06  -2.048138e-08   3.011475e-15  -1.756693e-15   3.168851e-03

# timestamp: 1763595642.96533
 3.831499e-03  -5.790647e-07   5.711676e-08   7.364397e-03  -4.639850e-07   4.547669e-08  -1.006006e-07   5.868370e-08   3.038814e-07
-5.790647e-07   3.830864e-03   9.645529e-08  -4.639193e-07   7.363887e-03   7.692123e-08  -1.609652e-07   9.389639e-08  -2.644116e-07
 5.711676e-08   9.645529e-08   3.831833e-03   4.559476e-08   7.697068e-08   7.364663e-03  -3.269193e-07   1.907029e-07   1.028065e-09
 7.364397e-03  -4.639193e-07   4.559476e-08   5.133235e-02  -2.531640e-06   2.419408e-07  -1.615174e-07   9.421849e-08   2.753599e-07
-4.639850e-07   7.363887e-03   7.697068e-08  -2.531640e-06   5.132956e-02   4.096408e-07  -2.576552e-07   1.502988e-07  -3.076871e-07
 4.547669e-08   7.692123e-08   7.364663e-03   2.419408e-07   4.096408e-07   5.133381e-02  -3.147541e-07   1.836066e-07   1.862784e-09
-1.006006e-07  -1.609652e-07  -3.269193e-07  -1.615174e-07  -2.576552e-07  -3.147541e-07   4.076906e-03   8.592551e-07   3.460323e-12
 5.868370e-08   9.389639e-08   1.907029e-07   9.421849e-08   1.502988e-07   1.836066e-07   8.592551e-07   4.077878e-03  -2.018521e-12
 3.038814e-07  -2.644116e-07   1.028065e-09   2.753599e-07  -3.076871e-07   1.862784e-09   3.460323e-12  -2.018521e-12   4.076405e-03

# timestamp: 1763595643.4346879
 2.804105e-03  -8.583710e-07   8.818479e-08   5.334526e-03  -1.404073e-06   1.450545e-07   1.732115e-06  -1.010400e-06  -3.545942e-05
-8.583710e-07   2.803186e-03   1.472774e-07  -1.404447e-06   5.333026e-03   2.418064e-07   2.883005e-06  -1.681753e-06   2.149373e-05
 8.818479e-08   1.472774e-07   2.804604e-03   1.447465e-07   2.413950e-07   5.335343e-03   3.565878e-05  -2.080096e-05  -1.389303e-08
 5.334526e-03  -1.404447e-06   1.447465e-07   4.608461e-02  -3.365782e-06   3.433615e-07   3.438165e-06  -2.005596e-06  -7.074366e-05
-1.404073e-06   5.333026e-03   2.413950e-07  -3.365782e-06   4.608100e-02   5.740574e-07   5.726596e-06  -3.340514e-06   4.285451e-05
 1.450545e-07   2.418064e-07   5.335343e-03   3.433615e-07   5.740574e-07   4.608657e-02   7.113213e-05  -4.149374e-05  -2.813725e-08
 1.732115e-06   2.883005e-06   3.565878e-05   3.438165e-06   5.726596e-06   7.113213e-05   3.066886e-03   1.018858e-05   1.831537e-11
-1.010400e-06  -1.681753e-06  -2.080096e-05  -2.005596e-06  -3.340514e-06  -4.149374e-05   1.018858e-05   3.078409e-03  -1.068397e-11
-3.545942e-05   2.149373e-05  -1.389303e-08  -7.074366e-05   4.285451e-05  -2.813725e-08   1.831537e-11  -1.068397e-11   3.060942e-03

# timestamp: 1763595643.886031
 4.785306e-03  -3.123404e-06   3.055418e-07   8.806571e-03  -4.758111e-06   4.652673e-07   1.337560e-06  -7.802432e-07  -3.115084e-05
-3.123404e-06   4.781844e-03   5.186273e-07  -4.758229e-06   8.801290e-03   7.901250e-07   2.245934e-06  -1.310128e-06   1.834314e-05
 3.055418e-07   5.186273e-07   4.787095e-03   4.652041e-07   7.904728e-07   8.809295e-03   3.111628e-05  -1.815116e-05   1.505636e-08
 8.806571e-03  -4.758229e-06   4.652041e-07   5.183684e-02  -8.218032e-06   8.045433e-07   2.311307e-06  -1.348263e-06  -5.383188e-05
-4.758111e-06   8.801290e-03   7.904728e-07  -8.218032e-06   5.182772e-02   1.366131e-06   3.882919e-06  -2.265036e-06   3.169785e-05
 4.652673e-07   7.901250e-07   8.809295e-03   8.045433e-07   1.366131e-06   5.184155e-02   5.377160e-05  -3.136677e-05   2.494849e-08
 1.337560e-06   2.245934e-06   3.111628e-05   2.311307e-06   3.882919e-06   5.377160e-05   2.338797e-03   4.480305e-07  -2.971457e-14
-7.802432e-07  -1.310128e-06  -1.815116e-05  -1.348263e-06  -2.265036e-06  -3.136677e-05   4.480305e-07   2.339304e-03   1.733350e-14
-3.115084e-05   1.834314e-05   1.505636e-08  -5.383188e-05   3.169785e-05   2.494849e-08  -2.971457e-14   1.733350e-14   2.338536e-03

# timestamp: 1763595644.156907
 3.814678e-03  -5.349872e-07   5.137338e-08   7.294407e-03  -2.963312e-07   2.806835e-08  -7.353194e-08   4.289363e-08  -4.035433e-08
-5.349872e-07   3.814093e-03   8.658590e-08  -2.963600e-07   7.294088e-03   4.699429e-08  -1.360383e-07   7.935566e-08   1.091814e-07
 5.137338e-08   8.658590e-08   3.814987e-03   2.803930e-08   4.702305e-08   7.294580e-03   9.031514e-08  -5.268383e-08   1.634088e-09
 7.294407e-03  -2.963600e-07   2.803930e-08   4.962527e-02  -1.076504e-06   1.050169e-07  -1.286058e-07   7.502006e-08  -1.792088e-08
-2.963312e-07   7.294088e-03   4.702305e-08  -1.076504e-06   4.962409e-02   1.767715e-07  -2.374344e-07   1.385034e-07   1.570688e-07
 2.806835e-08   4.699429e-08   7.294580e-03   1.050169e-07   1.767715e-07   4.962589e-02   1.037110e-07  -6.049809e-08   2.737398e-09
-7.353194e-08  -1.360383e-07   9.031514e-08  -1.286058e-07  -2.374344e-07   1.037110e-07   2.074304e-03   1.865261e-07  -3.499977e-12
 4.289363e-08   7.935566e-08  -5.268383e-08   7.502006e-08   1.385034e-07  -6.049809e-08   1.865261e-07   2.074515e-03   2.041653e-12
-4.035433e-08   1.091814e-07   1.634088e-09  -1.792088e-08   1.570688e-07   2.737398e-09  -3.499977e-12   2.041653e-12   2.074195e-03

# timestamp: 1763595644.4098577
 3.529111e-03  -8.261649e-07   7.866025e-08   6.951211e-03  -1.242238e-06   1.179018e-07  -1.074448e-07   6.267616e-08   3.011568e-06
-8.261649e-07   3.528203e-03   1.330007e-07  -1.242573e-06   6.949845e-03   1.993464e-07  -1.703139e-07   9.934979e-08  -1.813715e-06
 7.866025e-08   1.330007e-07   3.529587e-03   1.181346e-07   1.998196e-07   6.951927e-03  -3.030214e-06   1.767625e-06  -4.426878e-09
 6.951211e-03  -1.242573e-06   1.181346e-07   4.895563e-02  -3.067448e-06   2.934651e-07  -2.158398e-07   1.259066e-07   5.951359e-06
-1.242238e-06   6.949845e-03   1.998196e-07  -3.067448e-06   4.895225e-02   4.961478e-07  -3.432625e-07   2.002365e-07  -3.578640e-06
 1.179018e-07   1.993464e-07   6.951927e-03   2.934651e-07   4.961478e-07   4.895739e-02  -5.985138e-06   3.491331e-06  -8.692583e-09
-1.074448e-07  -1.703139e-07  -3.030214e-06  -2.158398e-07  -3.432625e-07  -5.985138e-06   1.069216e-03   1.275002e-07  -3.955792e-13
 6.267616e-08   9.934979e-08   1.767625e-06   1.259066e-07   2.002365e-07   3.491331e-06   1.275002e-07   1.069360e-03   2.307545e-13
 3.011568e-06  -1.813715e-06  -4.426878e-09   5.951359e-06  -3.578640e-06  -8.692583e-09  -3.955792e-13   2.307545e-13   1.069141e-03

# timestamp: 1763595644.6583793
 3.656024e-03  -1.390162e-06   1.342785e-07   7.290296e-03  -2.221388e-06   2.148342e-07  -3.580929e-07   2.088875e-07   8.329449e-06
-1.390162e-06   3.654481e-03   2.281031e-07  -2.221400e-06   7.287829e-03   3.650105e-07  -5.916485e-07   3.451283e-07  -4.891562e-06
 1.342785e-07   2.281031e-07   3.656820e-03   2.149133e-07   3.651428e-07   7.291568e-03  -8.315016e-06   4.850426e-06  -1.066180e-08
 7.290296e-03  -2.221400e-06   2.149133e-07   4.945771e-02  -4.431691e-06   4.289496e-07  -7.062548e-07   4.119820e-07   1.641661e-05
-2.221388e-06   7.287829e-03   3.651428e-07  -4.431691e-06   4.945280e-02   7.282111e-07  -1.166625e-06   6.805315e-07  -9.642280e-06
 2.148342e-07   3.650105e-07   7.291568e-03   4.289496e-07   7.282111e-07   4.946025e-02  -1.638874e-05   9.560096e-06  -2.107784e-08
-3.580929e-07  -5.916485e-07  -8.315016e-06  -7.062548e-07  -1.166625e-06  -1.638874e-05   2.074739e-03   1.569569e-07   6.397553e-15
 2.088875e-07   3.451283e-07   4.850426e-06   4.119820e-07   6.805315e-07   9.560096e-06   1.569569e-07   2.074917e-03  -3.731906e-15
 8.329449e-06  -4.891562e-06  -1.066180e-08   1.641661e-05  -9.642280e-06  -2.107784e-08   6.397553e-15  -3.731906e-15   2.074648e-03

# timestamp: 1763595644.9129527
 3.476384e-03  -5.928206e-07   5.821896e-08   6.867204e-03  -8.958696e-07   8.835832e-08  -1.753440e-07   1.022840e-07   3.571650e-06
-5.928206e-07   3.475722e-03   9.922596e-08  -8.959555e-07   6.866202e-03   1.506412e-07  -2.869557e-07   1.673908e-07  -2.118472e-06
 5.821896e-08   9.922596e-08   3.476722e-03   8.830354e-08   1.505600e-07   6.867715e-03  -3.571281e-06   2.083247e-06  -5.302682e-09
 6.867204e-03  -8.959555e-07   8.830354e-08   4.842453e-02  -2.201366e-06   2.157326e-07  -3.429581e-07   2.000589e-07   7.043091e-06
-8.958696e-07   6.866202e-03   1.505600e-07  -2.201366e-06   4.842208e-02   3.671257e-07  -5.614852e-07   3.275331e-07  -4.174025e-06
 8.835832e-08   1.506412e-07   6.867715e-03   2.157326e-07   3.671257e-07   4.842579e-02  -7.041278e-06   4.107412e-06  -1.046989e-08
-1.753440e-07  -2.869557e-07  -3.571281e-06  -3.429581e-07  -5.614852e-07  -7.041278e-06   2.062310e-03   1.811960e-07   1.841586e-13
 1.022840e-07   1.673908e-07   2.083247e-06   2.000589e-07   3.275331e-07   4.107412e-06   1.811960e-07   2.062515e-03  -1.074259e-13
 3.571650e-06  -2.118472e-06  -5.302682e-09   7.043091e-06  -4.174025e-06  -1.046989e-08   1.841586e-13  -1.074259e-13   2.062204e-03

# timestamp: 1763595645.1796808
 3.455476e-03  -9.194947e-07   9.039368e-08   6.685780e-03  -1.352620e-06   1.334631e-07  -4.716810e-07   2.751472e-07   8.719859e-06
-9.194947e-07   3.454447e-03   1.541813e-07  -1.352902e-06   6.684267e-03   2.275018e-07  -7.671631e-07   4.475118e-07  -5.242595e-06
 9.039368e-08   1.541813e-07   3.456000e-03   1.332976e-07   2.272636e-07   6.686551e-03  -8.743039e-06   5.100106e-06  -1.214857e-08
 6.685780e-03  -1.352902e-06   1.332976e-07   4.781919e-02  -2.682639e-06   2.641193e-07  -9.518931e-07   5.552710e-07   1.797778e-05
-1.352620e-06   6.684267e-03   2.272636e-07  -2.682639e-06   4.781620e-02   4.498247e-07  -1.550199e-06   9.042830e-07  -1.077895e-05
 1.334631e-07   2.275018e-07   6.686551e-03   2.641193e-07   4.498247e-07   4.782072e-02  -1.801574e-05   1.050918e-05  -2.515216e-08
-4.716810e-07  -7.671631e-07  -8.743039e-06  -9.518931e-07  -1.550199e-06  -1.801574e-05   3.271262e-03   2.082230e-06   4.682361e-12
 2.751472e-07   4.475118e-07   5.100106e-06   5.552710e-07   9.042830e-07   1.050918e-05   2.082230e-06   3.273617e-03  -2.731377e-12
 8.719859e-06  -5.242595e-06  -1.214857e-08   1.797778e-05  -1.077895e-05  -2.515216e-08   4.682361e-12  -2.731377e-12   3.270047e-03

# timestamp: 1763595645.4410784
 3.616759e-03  -5.547234e-08   5.451194e-09   7.137335e-03   1.672158e-08  -1.630592e-09   2.854017e-08  -1.664843e-08   1.240533e-08
-5.547234e-08   3.616697e-03   9.292583e-09   1.667724e-08   7.137354e-03  -2.824310e-09   4.538100e-08  -2.647225e-08   2.060190e-08
 5.451194e-09   9.292583e-09   3.616791e-03  -1.651082e-09  -2.852233e-09   7.137325e-03  -4.797389e-09   2.798477e-09  -4.070195e-10
 7.137335e-03   1.667724e-08  -1.651082e-09   4.900428e-02  -4.627281e-07   4.490149e-08   5.139407e-08  -2.997987e-08   2.203514e-08
 1.672158e-08   7.137354e-03  -2.852233e-09  -4.627281e-07   4.900377e-02   7.646712e-08   8.174590e-08  -4.768511e-08   3.706865e-08
-1.630592e-09  -2.824310e-09   7.137325e-03   4.490149e-08   7.646712e-08   4.900455e-02  -8.429991e-09   4.917495e-09  -7.327923e-10
 2.854017e-08   4.538100e-08  -4.797389e-09   5.139407e-08   8.174590e-08  -8.429991e-09   3.061869e-03   2.312805e-07   4.085062e-13
-1.664843e-08  -2.647225e-08   2.798477e-09  -2.997987e-08  -4.768511e-08   4.917495e-09   2.312805e-07   3.062131e-03  -2.382953e-13
 1.240533e-08   2.060190e-08  -4.070195e-10   2.203514e-08   3.706865e-08  -7.327923e-10   4.085062e-13  -2.382953e-13   3.061734e-03

# timestamp: 1763595645.6964982
 3.446656e-03  -2.551735e-07   2.523093e-08   6.767707e-03  -2.914263e-07   2.881436e-08   9.909373e-09  -5.780468e-09  -5.037119e-08
-2.551735e-07   3.446368e-03   4.319213e-08  -2.914415e-07   6.767379e-03   4.930719e-08   1.592296e-08  -9.288392e-09   3.685242e-08
 2.523093e-08   4.319213e-08   3.446801e-03   2.879023e-08   4.926832e-08   6.767873e-03   5.222377e-08  -3.046386e-08   6.279323e-11
 6.767707e-03  -2.914415e-07   2.879023e-08   4.816080e-02  -6.785895e-07   6.662344e-08   1.648330e-08  -9.615257e-09  -5.729301e-08
-2.914263e-07   6.767379e-03   4.926832e-08  -6.785895e-07   4.816004e-02   1.138191e-07   2.640991e-08  -1.540578e-08   4.695652e-08
 2.881436e-08   4.930719e-08   6.767873e-03   6.662344e-08   1.138191e-07   4.816118e-02   6.077035e-08  -3.544937e-08   6.578025e-11
 9.909373e-09   1.592296e-08   5.222377e-08   1.648330e-08   2.640991e-08   6.077035e-08   1.052654e-03   1.006224e-07   2.921178e-14
-5.780468e-09  -9.288392e-09  -3.046386e-08  -9.615257e-09  -1.540578e-08  -3.544937e-08   1.006224e-07   1.052768e-03  -1.704020e-14
-5.037119e-08   3.685242e-08   6.279323e-11  -5.729301e-08   4.695652e-08   6.578025e-11   2.921178e-14  -1.704020e-14   1.052596e-03

# timestamp: 1763595645.9702091
 3.764533e-03  -2.759229e-07   2.695847e-08   7.352314e-03  -2.522060e-07   2.461132e-08  -6.308496e-09   3.679956e-09   5.089729e-08
-2.759229e-07   3.764219e-03   4.638201e-08  -2.522397e-07   7.352027e-03   4.233717e-08  -1.304535e-08   7.609789e-09  -1.086321e-08
 2.695847e-08   4.638201e-08   3.764689e-03   2.459883e-08   4.232130e-08   7.352457e-03  -4.166238e-08   2.430306e-08  -7.777979e-11
 7.352314e-03  -2.522397e-07   2.459883e-08   4.926205e-02  -5.105518e-07   4.998144e-08  -1.003491e-08   5.853696e-09   6.394184e-08
-2.522060e-07   7.352027e-03   4.232130e-08  -5.105518e-07   4.926147e-02   8.569794e-08  -2.121500e-08   1.237542e-08  -3.965096e-09
 2.461132e-08   4.233717e-08   7.352457e-03   4.998144e-08   8.569794e-08   4.926233e-02  -4.768328e-08   2.781525e-08  -1.011010e-10
-6.308496e-09  -1.304535e-08  -4.166238e-08  -1.003491e-08  -2.121500e-08  -4.768328e-08   3.068990e-03   2.506949e-07  -5.329005e-14
 3.679956e-09   7.609789e-09   2.430306e-08   5.853696e-09   1.237542e-08   2.781525e-08   2.506949e-07   3.069273e-03   3.108586e-14
 5.089729e-08  -1.086321e-08  -7.777979e-11   6.394184e-08  -3.965096e-09  -1.011010e-10  -5.329005e-14   3.108586e-14   3.068843e-03

# timestamp: 1763595646.2501025
 3.534918e-03  -1.678942e-07   1.614057e-08   6.815691e-03  -1.405365e-07   1.346250e-08  -5.419238e-08   3.161222e-08   1.115564e-07
-1.678942e-07   3.534727e-03   2.778846e-08  -1.405547e-07   6.815531e-03   2.316300e-08  -1.008778e-07   5.884536e-08   1.991235e-09
 1.614057e-08   2.778846e-08   3.535013e-03   1.348828e-08   2.320998e-08   6.815770e-03  -7.328078e-08   4.274712e-08  -2.541277e-10
 6.815691e-03  -1.405547e-07   1.348828e-08   4.822349e-02  -4.432044e-07   4.315614e-08  -9.417929e-08   5.493792e-08   1.411364e-07
-1.405365e-07   6.815531e-03   2.320998e-08  -4.432044e-07   4.822299e-02   7.413509e-08  -1.757838e-07   1.025405e-07   3.703463e-08
 1.346250e-08   2.316300e-08   6.815770e-03   4.315614e-08   7.413509e-08   4.822374e-02  -7.318043e-08   4.268858e-08  -3.728206e-10
-5.419238e-08  -1.008778e-07  -7.328078e-08  -9.417929e-08  -1.757838e-07  -7.318043e-08   3.166733e-03   1.226639e-06  -1.945099e-12
 3.161222e-08   5.884536e-08   4.274712e-08   5.493792e-08   1.025405e-07   4.268858e-08   1.226639e-06   3.168120e-03   1.134641e-12
 1.115564e-07   1.991235e-09  -2.541277e-10   1.411364e-07   3.703463e-08  -3.728206e-10  -1.945099e-12   1.134641e-12   3.166017e-03

# timestamp: 1763595646.5087175
 3.591535e-03  -1.729619e-07   1.659169e-08   7.091137e-03  -1.815188e-07   1.741960e-08   1.125089e-08  -6.563020e-09  -3.613591e-08
-1.729619e-07   3.591337e-03   2.855249e-08  -1.815358e-07   7.090930e-03   2.996544e-08   1.955783e-08  -1.140874e-08   1.818344e-08
 1.659169e-08   2.855249e-08   3.591632e-03   1.745725e-08   3.003249e-08   7.091239e-03   3.314686e-08  -1.933567e-08   8.799398e-11
 7.091137e-03  -1.815358e-07   1.745725e-08   4.902628e-02  -4.755222e-07   4.601536e-08   1.924673e-08  -1.122726e-08  -4.417978e-08
-1.815188e-07   7.090930e-03   3.003249e-08  -4.755222e-07   4.902574e-02   7.914548e-08   3.352375e-08  -1.955552e-08   2.062206e-08
 1.741960e-08   2.996544e-08   7.091239e-03   4.601536e-08   7.914548e-08   4.902655e-02   3.891739e-08  -2.270181e-08   1.286532e-10
 1.125089e-08   1.955783e-08   3.314686e-08   1.924673e-08   3.352375e-08   3.891739e-08   1.053111e-03   3.334562e-08  -1.532236e-14
-6.563020e-09  -1.140874e-08  -1.933567e-08  -1.122726e-08  -1.955552e-08  -2.270181e-08   3.334562e-08   1.053148e-03   8.938044e-15
-3.613591e-08   1.818344e-08   8.799398e-11  -4.417978e-08   2.062206e-08   1.286532e-10  -1.532236e-14   8.938044e-15   1.053091e-03

# timestamp: 1763595646.7620924
 3.518721e-03  -8.124547e-07   7.784561e-08   6.950326e-03  -1.235499e-06   1.185696e-07   1.534328e-07  -8.950248e-08  -3.584230e-06
-8.124547e-07   3.517795e-03   1.339868e-07  -1.235596e-06   6.948917e-03   2.040857e-07   2.550449e-07  -1.487762e-07   2.085733e-06
 7.784561e-08   1.339868e-07   3.519180e-03   1.187750e-07   2.044520e-07   6.951024e-03   3.569643e-06  -2.082291e-06   5.035920e-09
 6.950326e-03  -1.235596e-06   1.187750e-07   4.861265e-02  -2.233440e-06   2.150626e-07   3.037562e-07  -1.771911e-07  -7.098344e-06
-1.235499e-06   6.948917e-03   2.044520e-07  -2.233440e-06   4.861011e-02   3.702006e-07   5.049746e-07  -2.945685e-07   4.130193e-06
 1.185696e-07   2.040857e-07   6.951024e-03   2.150626e-07   3.702006e-07   4.861392e-02   7.069262e-06  -4.123736e-06   9.972961e-09
 1.534328e-07   2.550449e-07   3.569643e-06   3.037562e-07   5.049746e-07   7.069262e-06   2.062315e-03   1.812493e-07  -2.020054e-15
-8.950248e-08  -1.487762e-07  -2.082291e-06  -1.771911e-07  -2.945685e-07  -4.123736e-06   1.812493e-07   2.062520e-03   1.178365e-15
-3.584230e-06   2.085733e-06   5.035920e-09  -7.098344e-06   4.130193e-06   9.972961e-09  -2.020054e-15   1.178365e-15   2.062209e-03

# timestamp: 1763595647.01824
 3.554113e-03  -8.852100e-07   8.481039e-08   6.986177e-03  -1.250040e-06   1.194175e-07   4.923493e-07  -2.872038e-07  -1.213937e-05
-8.852100e-07   3.553104e-03   1.459640e-07  -1.250094e-06   6.984752e-03   2.054964e-07   8.162609e-07  -4.761522e-07   7.070113e-06
