# timestamp: 1763595429.7410018
 1.734111e+00   0.000000e+00   0.000000e+00   8.757000e-01   0.000000e+00   0.000000e+00   0.000000e+00   0.000000e+00   0.000000e+00
 0.000000e+00   1.734111e+00   0.000000e+00   0.000000e+00   8.757000e-01   0.000000e+00   0.000000e+00   0.000000e+00   0.000000e+00
 0.000000e+00   0.000000e+00   1.734111e+00   0.000000e+00   0.000000e+00   8.757000e-01   0.000000e+00   0.000000e+00   0.000000e+00
 8.757000e-01   0.000000e+00   0.000000e+00   1.084000e+00   0.000000e+00   0.000000e+00   0.000000e+00   0.000000e+00   0.000000e+00
 0.000000e+00   8.757000e-01   0.000000e+00   0.000000e+00   1.084000e+00   0.000000e+00   0.000000e+00   0.000000e+00   0.000000e+00
 0.000000e+00   0.000000e+00   8.757000e-01   0.000000e+00   0.000000e+00   1.084000e+00   0.000000e+00   0.000000e+00   0.000000e+00
 0.000000e+00   0.000000e+00   0.000000e+00   0.000000e+00   0.000000e+00   0.000000e+00   1.084000e+00   0.000000e+00   0.000000e+00
 0.000000e+00   0.000000e+00   0.000000e+00   0.000000e+00   0.000000e+00   0.000000e+00   0.000000e+00   1.084000e+00   0.000000e+00
 0.000000e+00   0.000000e+00   0.000000e+00   0.000000e+00   0.000000e+00   0.000000e+00   0.000000e+00   0.000000e+00   1.084000e+00

# timestamp: 1763595430.5623698
 3.926057e+00   0.000000e+00   0.000000e+00   1.798610e+00   0.000000e+00   0.000000e+00   0.000000e+00   0.000000e+00   0.000000e+00
 0.000000e+00   3.926057e+00   0.000000e+00   0.000000e+00   1.798610e+00   0.000000e+00   0.000000e+00   0.000000e+00   0.000000e+00
 0.000000e+00   0.000000e+00   3.926057e+00   0.000000e+00   0.000000e+00   1.798610e+00   0.000000e+00   0.000000e+00   0.000000e+00
 1.798610e+00   0.000000e+00   0.000000e+00   1.166000e+00   0.000000e+00   0.000000e+00   0.000000e+00   0.000000e+00   0.000000e+00
 0.000000e+00   1.798610e+00   0.000000e+00   0.000000e+00   1.166000e+00   0.000000e+00   0.000000e+00   0.000000e+00   0.000000e+00
 0.000000e+00   0.000000e+00   1.798610e+00   0.000000e+00   0.000000e+00   1.166000e+00   0.000000e+00   0.000000e+00   0.000000e+00
 0.000000e+00   0.000000e+00   0.000000e+00   0.000000e+00   0.000000e+00   0.000000e+00   1.166000e+00   0.000000e+00   0.000000e+00
 0.000000e+00   0.000000e+00   0.000000e+00   0.000000e+00   0.000000e+00   0.000000e+00   0.000000e+00   1.166000e+00   0.000000e+00
 0.000000e+00   0.000000e+00   0.000000e+00   0.000000e+00   0.000000e+00   0.000000e+00   0.000000e+00   0.000000e+00   1.166000e+00

# timestamp: 1763595430.9246838
 5.377390e+00   0.000000e+00   0.000000e+00   2.225030e+00   0.000000e+00   0.000000e+00   0.000000e+00   0.000000e+00   0.000000e+00
 0.000000e+00   5.377390e+00   0.000000e+00   0.000000e+00   2.225030e+00   0.000000e+00   0.000000e+00   0.000000e+00   0.000000e+00
 0.000000e+00   0.000000e+00   5.377390e+00   0.000000e+00   0.000000e+00   2.225030e+00   0.000000e+00   0.000000e+00   0.000000e+00
 2.225030e+00   0.000000e+00   0.000000e+00   1.202000e+00   0.000000e+00   0.000000e+00   0.000000e+00   0.000000e+00   0.000000e+00
 0.000000e+00   2.225030e+00   0.000000e+00   0.000000e+00   1.202000e+00   0.000000e+00   0.000000e+00   0.000000e+00   0.000000e+00
 0.000000e+00   0.000000e+00   2.225030e+00   0.000000e+00   0.000000e+00   1.202000e+00   0.000000e+00   0.000000e+00   0.000000e+00
 0.000000e+00   0.000000e+00   0.000000e+00   0.000000e+00   0.000000e+00   0.000000e+00   1.202000e+00   0.000000e+00   0.000000e+00
 0.000000e+00   0.000000e+00   0.000000e+00   0.000000e+00   0.000000e+00   0.000000e+00   0.000000e+00   1.202000e+00   0.000000e+00
 0.000000e+00   0.000000e+00   0.000000e+00   0.000000e+00   0.000000e+00   0.000000e+00   0.000000e+00   0.000000e+00   1.202000e+00

# timestamp: 1763595431.1873367
 6.618881e+00   0.000000e+00   0.000000e+00   2.541060e+00   0.000000e+00   0.000000e+00   0.000000e+00   0.000000e+00   0.000000e+00
 0.000000e+00   6.618881e+00   0.000000e+00   0.000000e+00   2.541060e+00   0.000000e+00   0.000000e+00   0.000000e+00   0.000000e+00
 0.000000e+00   0.000000e+00   6.618881e+00   0.000000e+00   0.000000e+00   2.541060e+00   0.000000e+00   0.000000e+00   0.000000e+00
 2.541060e+00   0.000000e+00   0.000000e+00   1.228000e+00   0.000000e+00   0.000000e+00   0.000000e+00   0.000000e+00   0.000000e+00
 0.000000e+00   2.541060e+00   0.000000e+00   0.000000e+00   1.228000e+00   0.000000e+00   0.000000e+00   0.000000e+00   0.000000e+00
 0.000000e+00   0.000000e+00   2.541060e+00   0.000000e+00   0.000000e+00   1.228000e+00   0.000000e+00   0.000000e+00   0.000000e+00
 0.000000e+00   0.000000e+00   0.000000e+00   0.000000e+00   0.000000e+00   0.000000e+00   1.228000e+00   0.000000e+00   0.000000e+00
 0.000000e+00   0.000000e+00   0.000000e+00   0.000000e+00   0.000000e+00   0.000000e+00   0.000000e+00   1.228000e+00   0.000000e+00
 0.000000e+00   0.000000e+00   0.000000e+00   0.000000e+00   0.000000e+00   0.000000e+00   0.000000e+00   0.000000e+00   1.228000e+00

# timestamp: 1763595431.4445777
 8.026465e+00   0.000000e+00   0.000000e+00   2.863850e+00   0.000000e+00   0.000000e+00   0.000000e+00   0.000000e+00   0.000000e+00
 0.000000e+00   8.026465e+00   0.000000e+00   0.000000e+00   2.863850e+00   0.000000e+00   0.000000e+00   0.000000e+00   0.000000e+00
 0.000000e+00   0.000000e+00   8.026465e+00   0.000000e+00   0.000000e+00   2.863850e+00   0.000000e+00   0.000000e+00   0.000000e+00
 2.863850e+00   0.000000e+00   0.000000e+00   1.254000e+00   0.000000e+00   0.000000e+00   0.000000e+00   0.000000e+00   0.000000e+00
 0.000000e+00   2.863850e+00   0.000000e+00   0.000000e+00   1.254000e+00   0.000000e+00   0.000000e+00   0.000000e+00   0.000000e+00
 0.000000e+00   0.000000e+00   2.863850e+00   0.000000e+00   0.000000e+00   1.254000e+00   0.000000e+00   0.000000e+00   0.000000e+00
 0.000000e+00   0.000000e+00   0.000000e+00   0.000000e+00   0.000000e+00   0.000000e+00   1.254000e+00   0.000000e+00   0.000000e+00
 0.000000e+00   0.000000e+00   0.000000e+00   0.000000e+00   0.000000e+00   0.000000e+00   0.000000e+00   1.254000e+00   0.000000e+00
 0.000000e+00   0.000000e+00   0.000000e+00   0.000000e+00   0.000000e+00   0.000000e+00   0.000000e+00   0.000000e+00   1.254000e+00

# timestamp: 1763595431.6917913
 9.539818e+00   0.000000e+00   0.000000e+00   3.180600e+00   0.000000e+00   0.000000e+00   0.000000e+00   0.000000e+00   0.000000e+00
 0.000000e+00   9.539818e+00   0.000000e+00   0.000000e+00   3.180600e+00   0.000000e+00   0.000000e+00   0.000000e+00   0.000000e+00
 0.000000e+00   0.000000e+00   9.539818e+00   0.000000e+00   0.000000e+00   3.180600e+00   0.000000e+00   0.000000e+00   0.000000e+00
 3.180600e+00   0.000000e+00   0.000000e+00   1.279000e+00   0.000000e+00   0.000000e+00   0.000000e+00   0.000000e+00   0.000000e+00
 0.000000e+00   3.180600e+00   0.000000e+00   0.000000e+00   1.279000e+00   0.000000e+00   0.000000e+00   0.000000e+00   0.000000e+00
 0.000000e+00   0.000000e+00   3.180600e+00   0.000000e+00   0.000000e+00   1.279000e+00   0.000000e+00   0.000000e+00   0.000000e+00
 0.000000e+00   0.000000e+00   0.000000e+00   0.000000e+00   0.000000e+00   0.000000e+00   1.279000e+00   0.000000e+00   0.000000e+00
 0.000000e+00   0.000000e+00   0.000000e+00   0.000000e+00   0.000000e+00   0.000000e+00   0.000000e+00   1.279000e+00   0.000000e+00
 0.000000e+00   0.000000e+00   0.000000e+00   0.000000e+00   0.000000e+00   0.000000e+00   0.000000e+00   0.000000e+00   1.279000e+00

# timestamp: 1763595431.9739668
 1.142480e+01   0.000000e+00   0.000000e+00   3.542780e+00   0.000000e+00   0.000000e+00   0.000000e+00   0.000000e+00   0.000000e+00
 0.000000e+00   1.142480e+01   0.000000e+00   0.000000e+00   3.542780e+00   0.000000e+00   0.000000e+00   0.000000e+00   0.000000e+00
 0.000000e+00   0.000000e+00   1.142480e+01   0.000000e+00   0.000000e+00   3.542780e+00   0.000000e+00   0.000000e+00   0.000000e+00
 3.542780e+00   0.000000e+00   0.000000e+00   1.307000e+00   0.000000e+00   0.000000e+00   0.000000e+00   0.000000e+00   0.000000e+00
 0.000000e+00   3.542780e+00   0.000000e+00   0.000000e+00   1.307000e+00   0.000000e+00   0.000000e+00   0.000000e+00   0.000000e+00
 0.000000e+00   0.000000e+00   3.542780e+00   0.000000e+00   0.000000e+00   1.307000e+00   0.000000e+00   0.000000e+00   0.000000e+00
 0.000000e+00   0.000000e+00   0.000000e+00   0.000000e+00   0.000000e+00   0.000000e+00   1.307000e+00   0.000000e+00   0.000000e+00
 0.000000e+00   0.000000e+00   0.000000e+00   0.000000e+00   0.000000e+00   0.000000e+00   0.000000e+00   1.307000e+00   0.000000e+00
 0.000000e+00   0.000000e+00   0.000000e+00   0.000000e+00   0.000000e+00   0.000000e+00   0.000000e+00   0.000000e+00   1.307000e+00

# timestamp: 1763595432.2307682
 1.335862e+01   0.000000e+00   0.000000e+00   3.886110e+00   0.000000e+00   0.000000e+00   0.000000e+00   0.000000e+00   0.000000e+00
 0.000000e+00   1.335862e+01   0.000000e+00   0.000000e+00   3.886110e+00   0.000000e+00   0.000000e+00   0.000000e+00   0.000000e+00
 0.000000e+00   0.000000e+00   1.335862e+01   0.000000e+00   0.000000e+00   3.886110e+00   0.000000e+00   0.000000e+00   0.000000e+00
 3.886110e+00   0.000000e+00   0.000000e+00   1.333000e+00   0.000000e+00   0.000000e+00   0.000000e+00   0.000000e+00   0.000000e+00
 0.000000e+00   3.886110e+00   0.000000e+00   0.000000e+00   1.333000e+00   0.000000e+00   0.000000e+00   0.000000e+00   0.000000e+00
 0.000000e+00   0.000000e+00   3.886110e+00   0.000000e+00   0.000000e+00   1.333000e+00   0.000000e+00   0.000000e+00   0.000000e+00
 0.000000e+00   0.000000e+00   0.000000e+00   0.000000e+00   0.000000e+00   0.000000e+00   1.333000e+00   0.000000e+00   0.000000e+00
 0.000000e+00   0.000000e+00   0.000000e+00   0.000000e+00   0.000000e+00   0.000000e+00   0.000000e+00   1.333000e+00   0.000000e+00
 0.000000e+00   0.000000e+00   0.000000e+00   0.000000e+00   0.000000e+00   0.000000e+00   0.000000e+00   0.000000e+00   1.333000e+00

# timestamp: 1763595432.4759724
 1.530362e+01   0.000000e+00   0.000000e+00   4.209030e+00   0.000000e+00   0.000000e+00   0.000000e+00   0.000000e+00   0.000000e+00
 0.000000e+00   1.530362e+01   0.000000e+00   0.000000e+00   4.209030e+00   0.000000e+00   0.000000e+00   0.000000e+00   0.000000e+00
 0.000000e+00   0.000000e+00   1.530362e+01   0.000000e+00   0.000000e+00   4.209030e+00   0.000000e+00   0.000000e+00   0.000000e+00
 4.209030e+00   0.000000e+00   0.000000e+00   1.357000e+00   0.000000e+00   0.000000e+00   0.000000e+00   0.000000e+00   0.000000e+00
 0.000000e+00   4.209030e+00   0.000000e+00   0.000000e+00   1.357000e+00   0.000000e+00   0.000000e+00   0.000000e+00   0.000000e+00
 0.000000e+00   0.000000e+00   4.209030e+00   0.000000e+00   0.000000e+00   1.357000e+00   0.000000e+00   0.000000e+00   0.000000e+00
 0.000000e+00   0.000000e+00   0.000000e+00   0.000000e+00   0.000000e+00   0.000000e+00   1.357000e+00   0.000000e+00   0.000000e+00
 0.000000e+00   0.000000e+00   0.000000e+00   0.000000e+00   0.000000e+00   0.000000e+00   0.000000e+00   1.357000e+00   0.000000e+00
 0.000000e+00   0.000000e+00   0.000000e+00   0.000000e+00   0.000000e+00   0.000000e+00   0.000000e+00   0.000000e+00   1.357000e+00

# timestamp: 1763595432.817341
 1.832740e+01   0.000000e+00   0.000000e+00   4.676360e+00   0.000000e+00   0.000000e+00   0.000000e+00   0.000000e+00   0.000000e+00
 0.000000e+00   1.832740e+01   0.000000e+00   0.000000e+00   4.676360e+00   0.000000e+00   0.000000e+00   0.000000e+00   0.000000e+00
 0.000000e+00   0.000000e+00   1.832740e+01   0.000000e+00   0.000000e+00   4.676360e+00   0.000000e+00   0.000000e+00   0.000000e+00
 4.676360e+00   0.000000e+00   0.000000e+00   1.391000e+00   0.000000e+00   0.000000e+00   0.000000e+00   0.000000e+00   0.000000e+00
 0.000000e+00   4.676360e+00   0.000000e+00   0.000000e+00   1.391000e+00   0.000000e+00   0.000000e+00   0.000000e+00   0.000000e+00
 0.000000e+00   0.000000e+00   4.676360e+00   0.000000e+00   0.000000e+00   1.391000e+00   0.000000e+00   0.000000e+00   0.000000e+00
 0.000000e+00   0.000000e+00   0.000000e+00   0.000000e+00   0.000000e+00   0.000000e+00   1.391000e+00   0.000000e+00   0.000000e+00
 0.000000e+00   0.000000e+00   0.000000e+00   0.000000e+00   0.000000e+00   0.000000e+00   0.000000e+00   1.391000e+00   0.000000e+00
 0.000000e+00   0.000000e+00   0.000000e+00   0.000000e+00   0.000000e+00   0.000000e+00   0.000000e+00   0.000000e+00   1.391000e+00

# timestamp: 1763595433.0913517
 2.105879e+01   0.000000e+00   0.000000e+00   5.069900e+00   0.000000e+00   0.000000e+00   0.000000e+00   0.000000e+00   0.000000e+00
 0.000000e+00   2.105879e+01   0.000000e+00   0.000000e+00   5.069900e+00   0.000000e+00   0.000000e+00   0.000000e+00   0.000000e+00
 0.000000e+00   0.000000e+00   2.105879e+01   0.000000e+00   0.000000e+00   5.069900e+00   0.000000e+00   0.000000e+00   0.000000e+00
 5.069900e+00   0.000000e+00   0.000000e+00   1.419000e+00   0.000000e+00   0.000000e+00   0.000000e+00   0.000000e+00   0.000000e+00
 0.000000e+00   5.069900e+00   0.000000e+00   0.000000e+00   1.419000e+00   0.000000e+00   0.000000e+00   0.000000e+00   0.000000e+00
 0.000000e+00   0.000000e+00   5.069900e+00   0.000000e+00   0.000000e+00   1.419000e+00   0.000000e+00   0.000000e+00   0.000000e+00
 0.000000e+00   0.000000e+00   0.000000e+00   0.000000e+00   0.000000e+00   0.000000e+00   2.598197e-03   0.000000e+00   0.000000e+00
 0.000000e+00   0.000000e+00   0.000000e+00   0.000000e+00   0.000000e+00   0.000000e+00   0.000000e+00   2.598197e-03   0.000000e+00
 0.000000e+00   0.000000e+00   0.000000e+00   0.000000e+00   0.000000e+00   0.000000e+00   0.000000e+00   0.000000e+00   2.598197e-03

# timestamp: 1763595433.4646938
 2.501023e+01   0.000000e+00   0.000000e+00   5.601960e+00   0.000000e+00   0.000000e+00   0.000000e+00   0.000000e+00   0.000000e+00
 0.000000e+00   2.501023e+01   0.000000e+00   0.000000e+00   5.601960e+00   0.000000e+00   0.000000e+00   0.000000e+00   0.000000e+00
 0.000000e+00   0.000000e+00   2.501023e+01   0.000000e+00   0.000000e+00   5.601960e+00   0.000000e+00   0.000000e+00   0.000000e+00
 5.601960e+00   0.000000e+00   0.000000e+00   1.456000e+00   0.000000e+00   0.000000e+00   0.000000e+00   0.000000e+00   0.000000e+00
 0.000000e+00   5.601960e+00   0.000000e+00   0.000000e+00   1.456000e+00   0.000000e+00   0.000000e+00   0.000000e+00   0.000000e+00
 0.000000e+00   0.000000e+00   5.601960e+00   0.000000e+00   0.000000e+00   1.456000e+00   0.000000e+00   0.000000e+00   0.000000e+00
 0.000000e+00   0.000000e+00   0.000000e+00   0.000000e+00   0.000000e+00   0.000000e+00   2.062651e-03   0.000000e+00   0.000000e+00
 0.000000e+00   0.000000e+00   0.000000e+00   0.000000e+00   0.000000e+00   0.000000e+00   0.000000e+00   2.062651e-03   0.000000e+00
 0.000000e+00   0.000000e+00   0.000000e+00   0.000000e+00   0.000000e+00   0.000000e+00   0.000000e+00   0.000000e+00   2.062651e-03

# timestamp: 1763595433.8205228
 6.573999e-03  -1.683851e-05   1.609020e-06   1.433653e-02  -2.118627e-05   2.025913e-06  -1.321791e-05   7.710450e-06   3.660943e-04
-1.683851e-05   6.555075e-03   2.749825e-06  -2.115803e-05   1.431319e-02   3.429601e-06  -2.716608e-05   1.584688e-05  -2.146605e-04
 1.609020e-06   2.749825e-06   6.583590e-03   2.025589e-06   3.429096e-06   1.434871e-02  -3.653374e-04   2.131135e-04   2.716602e-06
 1.433653e-02  -2.115803e-05   2.025589e-06   1.908856e-01  -4.997006e-05   4.774491e-06  -2.206766e-05   1.287280e-05   6.108019e-04
-2.118627e-05   1.431319e-02   3.429096e-06  -4.997006e-05   1.908294e-01   8.165318e-06  -4.532749e-05   2.644103e-05  -3.585460e-04
 2.025913e-06   3.429601e-06   1.434871e-02   4.774491e-06   8.165318e-06   1.909141e-01  -6.097120e-04   3.556654e-04   4.548119e-06
-1.321791e-05  -2.716608e-05  -3.653374e-04  -2.206766e-05  -4.532749e-05  -6.097120e-04   7.211037e-03   8.182510e-06   1.124765e-12
 7.710450e-06   1.584688e-05   2.131135e-04   1.287280e-05   2.644103e-05   3.556654e-04   8.182510e-06   7.220291e-03  -6.561132e-13
 3.660943e-04  -2.146605e-04   2.716602e-06   6.108019e-04  -3.585460e-04   4.548119e-06   1.124765e-12  -6.561132e-13   7.206264e-03

# timestamp: 1763595434.0536475
 6.262772e-03  -4.835104e-06   4.625442e-07   1.708281e-02  -9.968807e-06   9.533334e-07  -2.116930e-06   1.234876e-06   5.826691e-05
-4.835104e-06   6.257448e-03   7.826185e-07  -9.966367e-06   1.707183e-02   1.613714e-06  -4.319579e-06   2.519755e-06  -3.440609e-05
 4.625442e-07   7.826185e-07   6.265554e-03   9.533042e-07   1.613660e-06   1.708854e-02  -5.825217e-05   3.398043e-05   4.338528e-07
 1.708281e-02  -9.966367e-06   9.533042e-07   1.146821e-01  -4.979297e-05   4.753459e-06  -5.446486e-06   3.177117e-06   1.499129e-04
-9.968807e-06   1.707183e-02   1.613660e-06  -4.979297e-05   1.146256e-01   8.166047e-06  -1.111363e-05   6.482952e-06  -8.852223e-05
 9.533334e-07   1.613714e-06   1.708854e-02   4.753459e-06   8.166047e-06   1.147103e-01  -1.498750e-04   8.742709e-05   1.116297e-06
-2.116930e-06  -4.319579e-06  -5.825217e-05  -5.446486e-06  -1.111363e-05  -1.498750e-04   2.160247e-03   2.667499e-07  -2.166808e-16
 1.234876e-06   2.519755e-06   3.398043e-05   3.177117e-06   6.482952e-06   8.742709e-05   2.667499e-07   2.160549e-03   1.263971e-16
 5.826691e-05  -3.440609e-05   4.338528e-07   1.499129e-04  -8.852223e-05   1.116297e-06  -2.166808e-16   1.263971e-16   2.160091e-03

# timestamp: 1763595434.2597728
 5.642498e-03  -4.601849e-06   4.410704e-07   1.278043e-02  -9.389955e-06   8.995523e-07  -1.667290e-06   9.725856e-07   4.558957e-05
-4.601849e-06   5.637451e-03   7.449012e-07  -9.389274e-06   1.277005e-02   1.524768e-06  -3.387786e-06   1.976209e-06  -2.702185e-05
 4.410704e-07   7.449012e-07   5.645152e-03   8.995563e-07   1.524763e-06   1.278582e-02  -4.562189e-05   2.661277e-05   3.404775e-07
 1.278043e-02  -9.389274e-06   8.995563e-07   7.378873e-02  -3.197423e-05   3.057928e-06  -3.612749e-06   2.107437e-06   9.878344e-05
-9.389955e-06   1.277005e-02   1.524763e-06  -3.197423e-05   7.375275e-02   5.229236e-06  -7.340719e-06   4.282086e-06  -5.855142e-05
 8.995523e-07   1.524768e-06   1.278582e-02   3.057928e-06   5.229236e-06   7.380693e-02  -9.885370e-05   5.766466e-05   7.377541e-07
-1.667290e-06  -3.387786e-06  -4.562189e-05  -3.612749e-06  -7.340719e-06  -9.885370e-05   2.078253e-03   2.061291e-07  -1.123701e-15
 9.725856e-07   1.976209e-06   2.661277e-05   2.107437e-06   4.282086e-06   5.766466e-05   2.061291e-07   2.078486e-03   6.554920e-16
 4.558957e-05  -2.702185e-05   3.404775e-07   9.878344e-05  -5.855142e-05   7.377541e-07  -1.123701e-15   6.554920e-16   2.078133e-03

# timestamp: 1763595434.4800467
 5.042153e-03  -3.581250e-06   4.782348e-07   9.925334e-03  -7.165760e-06   8.753370e-07  -4.284232e-06   2.499135e-06   1.251224e-04
-3.581250e-06   5.035749e-03   6.952142e-07  -7.158925e-06   9.913642e-03   1.332214e-06  -8.855983e-06   5.165990e-06  -6.906121e-05
 4.782348e-07   6.952142e-07   5.045501e-03   8.756089e-07   1.332953e-06   9.931263e-03  -1.238790e-04   7.226277e-05   8.024114e-07
 9.925334e-03  -7.158925e-06   8.756089e-07   5.798185e-02  -2.010977e-05   2.186766e-06  -8.260948e-06   4.818886e-06   2.408016e-04
-7.165760e-06   9.913642e-03   1.332953e-06  -2.010977e-05   5.795356e-02   3.527975e-06  -1.711242e-05   9.982248e-06  -1.336998e-04
 8.753370e-07   1.332214e-06   9.931263e-03   2.186766e-06   3.527975e-06   5.799588e-02  -2.383448e-04   1.390345e-04   1.532596e-06
-4.284232e-06  -8.855983e-06  -1.238790e-04  -8.260948e-06  -1.711242e-05  -2.383448e-04   3.223867e-03   1.943406e-06  -4.738017e-09
 2.499135e-06   5.165990e-06   7.226277e-05   4.818886e-06   9.982248e-06   1.390345e-04   1.943406e-06   3.226065e-03   2.763843e-09
 1.251224e-04  -6.906121e-05   8.024114e-07   2.408016e-04  -1.336998e-04   1.532596e-06  -4.738017e-09   2.763843e-09   3.222680e-03

# timestamp: 1763595434.689963
 6.500860e-03  -4.794050e-06   5.032112e-07   1.150789e-02  -7.988840e-06   7.802746e-07  -8.557494e-07   4.991871e-07   2.340779e-05
-4.794050e-06   6.494890e-03   8.109771e-07  -7.993252e-06   1.149880e-02   1.307972e-06  -1.738174e-06   1.013935e-06  -1.387758e-05
 5.032112e-07   8.109771e-07   6.504041e-03   7.800253e-07   1.307488e-06   1.151263e-02  -2.342846e-05   1.366660e-05   1.750712e-07
 1.150789e-02  -7.993252e-06   7.800253e-07   5.735192e-02  -1.598143e-05   1.534237e-06  -1.433996e-06   8.364977e-07   3.923053e-05
-7.988840e-06   1.149880e-02   1.307488e-06  -1.598143e-05   5.733412e-02   2.598123e-06  -2.913238e-06   1.699389e-06  -2.326087e-05
 7.802746e-07   1.307972e-06   1.151263e-02   1.534237e-06   2.598123e-06   5.736115e-02  -3.926306e-05   2.290345e-05   2.932774e-07
-8.557494e-07  -1.738174e-06  -2.342846e-05  -1.433996e-06  -2.913238e-06  -3.926306e-05   1.074782e-03   4.177130e-08  -9.918255e-13
 4.991871e-07   1.013935e-06   1.366660e-05   8.364977e-07   1.699389e-06   2.290345e-05   4.177130e-08   1.074829e-03   5.785649e-13
 2.340779e-05  -1.387758e-05   1.750712e-07   3.923053e-05  -2.326087e-05   2.932774e-07  -9.918255e-13   5.785649e-13   1.074758e-03

# timestamp: 1763595434.900297
 5.187851e-03  -5.353700e-06   5.155069e-07   9.055291e-03  -7.971693e-06   7.551642e-07  -4.467212e-06   2.605873e-06   1.222097e-04
-5.353700e-06   5.181968e-03   8.667062e-07  -7.972718e-06   9.046724e-03   1.281032e-06  -9.075133e-06   5.293828e-06  -7.247570e-05
 5.155069e-07   8.667062e-07   5.190967e-03   7.550924e-07   1.280920e-06   9.059811e-03  -1.223153e-04   7.135061e-05   9.141157e-07
 9.055291e-03  -7.972718e-06   7.550924e-07   5.276144e-02  -1.387297e-05   1.365617e-06  -7.426723e-06   4.332255e-06   2.031831e-04
-7.971693e-06   9.046724e-03   1.280920e-06  -1.387297e-05   5.274575e-02   2.269952e-06  -1.508824e-05   8.801472e-06  -1.204997e-04
 7.551642e-07   1.281032e-06   9.059811e-03   1.365617e-06   2.269952e-06   5.276978e-02  -2.033552e-04   1.186239e-04   1.519570e-06
-4.467212e-06  -9.075133e-06  -1.223153e-04  -7.426723e-06  -1.508824e-05  -2.033552e-04   4.221047e-03   1.990568e-06  -2.317186e-12
 2.605873e-06   5.293828e-06   7.135061e-05   4.332255e-06   8.801472e-06   1.186239e-04   1.990568e-06   4.223298e-03   1.351692e-12
 1.222097e-04  -7.247570e-05   9.141157e-07   2.031831e-04  -1.204997e-04   1.519570e-06  -2.317186e-12   1.351692e-12   4.219886e-03

# timestamp: 1763595435.1097002
 7.691754e-03  -5.383663e-06   5.161324e-07   1.341293e-02  -6.960308e-06   6.685322e-07  -1.661570e-07   9.692490e-08   4.546187e-06
-5.383663e-06   7.685879e-03   8.695079e-07  -6.960857e-06   1.340532e-02   1.125162e-06  -3.375585e-07   1.969091e-07  -2.696126e-06
 5.161324e-07   8.695079e-07   7.694867e-03   6.684956e-07   1.125102e-06   1.341696e-02  -4.550102e-06   2.654226e-06   3.400340e-08
 1.341293e-02  -6.960857e-06   6.684956e-07   6.029253e-02  -1.071010e-05   1.070932e-06  -2.474564e-07   1.443495e-07   6.770665e-06
-6.960308e-06   1.340532e-02   1.125102e-06  -1.071010e-05   6.028017e-02   1.764477e-06  -5.027289e-07   2.932585e-07  -4.015378e-06
 6.685322e-07   1.125162e-06   1.341696e-02   1.070932e-06   1.764477e-06   6.029913e-02  -6.776473e-06   3.952943e-06   5.064020e-08
-1.661570e-07  -3.375585e-07  -4.550102e-06  -2.474564e-07  -5.027289e-07  -6.776473e-06   2.074850e-03   1.978790e-09  -1.598502e-16
 9.692490e-08   1.969091e-07   2.654226e-06   1.443495e-07   2.932585e-07   3.952943e-06   1.978790e-09   2.074852e-03   9.324597e-17
 4.546187e-06  -2.696126e-06   3.400340e-08   6.770665e-06  -4.015378e-06   5.064020e-08  -1.598502e-16   9.324597e-17   2.074849e-03

# timestamp: 1763595435.3310688
 5.397244e-03  -5.891000e-06   5.655355e-07   9.235585e-03  -8.300182e-06   7.996574e-07  -4.930023e-06   2.875847e-06   1.347852e-04
-5.891000e-06   5.390813e-03   9.521429e-07  -8.300340e-06   9.226483e-03   1.343806e-06  -1.001506e-05   5.842118e-06  -7.992908e-05
 5.655355e-07   9.521429e-07   5.400654e-03   7.996506e-07   1.343792e-06   9.240416e-03  -1.348983e-04   7.869066e-05   1.008194e-06
 9.235585e-03  -8.300340e-06   7.996506e-07   5.293553e-02  -1.438076e-05   1.406046e-06  -8.017050e-06   4.676612e-06   2.191813e-04
-8.300182e-06   9.226483e-03   1.343792e-06  -1.438076e-05   5.291944e-02   2.344413e-06  -1.628603e-05   9.500187e-06  -1.299763e-04
 7.996574e-07   1.343806e-06   9.240416e-03   1.406046e-06   2.344413e-06   5.294410e-02  -2.193658e-04   1.279634e-04   1.639514e-06
-4.930023e-06  -1.001506e-05  -1.348983e-04  -8.017050e-06  -1.628603e-05  -2.193658e-04   4.335852e-03   2.093659e-06  -2.663458e-13
 2.875847e-06   5.842118e-06   7.869066e-05   4.676612e-06   9.500187e-06   1.279634e-04   2.093659e-06   4.338220e-03   1.553684e-13
 1.347852e-04  -7.992908e-05   1.008194e-06   2.191813e-04  -1.299763e-04   1.639514e-06  -2.663458e-13   1.553684e-13   4.334631e-03

# timestamp: 1763595435.5464194
 7.304867e-03  -4.109616e-06   3.950377e-07   1.252600e-02  -4.955443e-06   4.790121e-07  -2.030802e-07   1.184634e-07   5.554749e-06
-4.109616e-06   7.300372e-03   6.645218e-07  -4.955515e-06   1.252054e-02   8.033755e-07  -4.125543e-07   2.406567e-07  -3.294209e-06
 3.950377e-07   6.645218e-07   7.307252e-03   4.790082e-07   8.033681e-07   1.252890e-02  -5.559510e-06   3.243048e-06   4.154848e-08
 1.252600e-02  -4.955515e-06   4.790082e-07   5.868474e-02  -8.293167e-06   8.109854e-07  -3.052313e-07   1.780516e-07   8.348798e-06
-4.955443e-06   1.252054e-02   8.033681e-07  -8.293167e-06   5.867545e-02   1.351820e-06  -6.200690e-07   3.617069e-07  -4.951187e-06
 4.790121e-07   8.033755e-07   1.252890e-02   8.109854e-07   1.351820e-06   5.868968e-02  -8.355969e-06   4.874315e-06   6.244844e-08
-2.030802e-07  -4.125543e-07  -5.559510e-06  -3.052313e-07  -6.200690e-07  -8.355969e-06   1.074858e-03   2.665496e-09  -5.319049e-16
 1.184634e-07   2.406567e-07   3.243048e-06   1.780516e-07   3.617069e-07   4.874315e-06   2.665496e-09   1.074861e-03   3.102778e-16
 5.554749e-06  -3.294209e-06   4.154848e-08   8.348798e-06  -4.951187e-06   6.244844e-08  -5.319049e-16   3.102778e-16   1.074856e-03

# timestamp: 1763595435.7486718
 4.720018e-03  -3.068221e-06   2.944575e-07   7.968451e-03  -4.008027e-06   3.853453e-07  -2.143212e-06   1.250207e-06   5.862885e-05
-3.068221e-06   4.716668e-03   4.956983e-07  -4.008047e-06   7.964065e-03   6.480627e-07  -4.353960e-06   2.539810e-06  -3.476974e-05
 2.944575e-07   4.956983e-07   4.721794e-03   3.853442e-07   6.480604e-07   7.970779e-03  -5.867921e-05   3.422954e-05   4.385273e-07
 7.968451e-03  -4.008047e-06   3.853442e-07   5.080018e-02  -8.083505e-06   7.794469e-07  -3.602646e-06   2.101544e-06   9.855236e-05
-4.008027e-06   7.964065e-03   6.480604e-07  -8.083505e-06   5.079130e-02   1.308874e-06  -7.318798e-06   4.269299e-06  -5.844624e-05
 3.853453e-07   6.480627e-07   7.970779e-03   7.794469e-07   1.308874e-06   5.080490e-02  -9.863710e-05   5.753831e-05   7.371485e-07
-2.143212e-06  -4.353960e-06  -5.867921e-05  -3.602646e-06  -7.318798e-06  -9.863710e-05   1.077618e-03   4.566255e-07  -4.796335e-14
 1.250207e-06   2.539810e-06   3.422954e-05   2.101544e-06   4.269299e-06   5.753831e-05   4.566255e-07   1.078135e-03   2.797862e-14
 5.862885e-05  -3.476974e-05   4.385273e-07   9.855236e-05  -5.844624e-05   7.371485e-07  -4.796335e-14   2.797862e-14   1.077352e-03

# timestamp: 1763595435.964298
 7.557112e-03  -3.590645e-06   3.445433e-07   1.319916e-02  -4.501380e-06   4.323416e-07  -1.663352e-07   9.702886e-08   4.550999e-06
-3.590645e-06   7.553192e-03   5.800103e-07  -4.501390e-06   1.319424e-02   7.274355e-07  -3.379183e-07   1.971190e-07  -2.698988e-06
 3.445433e-07   5.800103e-07   7.559191e-03   4.323409e-07   7.274341e-07   1.320177e-02  -4.554924e-06   2.657039e-06   3.403972e-08
 1.319916e-02  -4.501390e-06   4.323409e-07   6.021416e-02  -7.820077e-06   7.519078e-07  -2.464685e-07   1.437733e-07   6.743475e-06
-4.501380e-06   1.319424e-02   7.274341e-07  -7.820077e-06   6.020560e-02   1.264452e-06  -5.007126e-07   2.920823e-07  -3.999243e-06
 4.323416e-07   7.274355e-07   1.320177e-02   7.519078e-07   1.264452e-06   6.021870e-02  -6.749293e-06   3.937088e-06   5.043873e-08
-1.663352e-07  -3.379183e-07  -4.554924e-06  -2.464685e-07  -5.007126e-07  -6.749293e-06   2.078618e-03   2.082737e-09  -1.430095e-16
 9.702886e-08   1.971190e-07   2.657039e-06   1.437733e-07   2.920823e-07   3.937088e-06   2.082737e-09   2.078620e-03   8.342223e-17
 4.550999e-06  -2.698988e-06   3.403972e-08   6.743475e-06  -3.999243e-06   5.043873e-08  -1.430095e-16   8.342223e-17   2.078617e-03

# timestamp: 1763595436.1746206
 6.115088e-03  -5.357819e-06   5.138222e-07   1.080020e-02  -7.361139e-06   7.060135e-07  -4.647528e-07   2.711058e-07   1.271371e-05
-5.357819e-06   6.109245e-03   8.652975e-07  -7.361142e-06   1.079217e-02   1.188895e-06  -9.441497e-07   5.507540e-07  -7.539873e-06
 5.138222e-07   8.652975e-07   6.118187e-03   7.060132e-07   1.188894e-06   1.080446e-02  -1.272463e-05   7.422704e-06   9.509462e-08
 1.080020e-02  -7.361142e-06   7.060132e-07   5.606950e-02  -1.242602e-05   1.191922e-06  -7.386963e-07   4.309061e-07   2.020767e-05
-7.361139e-06   1.079217e-02   1.188894e-06  -1.242602e-05   5.605595e-02   2.007048e-06  -1.500668e-06   8.753899e-07  -1.198417e-05
 7.060135e-07   1.188895e-06   1.080446e-02   1.191922e-06   2.007048e-06   5.607669e-02  -2.022504e-05   1.179794e-05   1.511473e-07
-4.647528e-07  -9.441497e-07  -1.272463e-05  -7.386963e-07  -1.500668e-06  -2.022504e-05   1.074822e-03   1.897926e-08  -4.228850e-16
 2.711058e-07   5.507540e-07   7.422704e-06   4.309061e-07   8.753899e-07   1.179794e-05   1.897926e-08   1.074843e-03   2.466829e-16
 1.271371e-05  -7.539873e-06   9.509462e-08   2.020767e-05  -1.198417e-05   1.511473e-07  -4.228850e-16   2.466829e-16   1.074811e-03

# timestamp: 1763595436.390383
 5.131329e-03  -3.901008e-06   3.745491e-07   9.008488e-03  -4.871146e-06   4.679012e-07  -2.214638e-06   1.291872e-06   6.040952e-05
-3.901008e-06   5.127075e-03   6.307938e-07  -4.871147e-06   9.003176e-03   7.880084e-07  -4.497096e-06   2.623306e-06  -3.582536e-05
 3.745491e-07   6.307938e-07   5.133584e-03   4.679088e-07   7.880216e-07   9.011305e-03  -6.046015e-05   3.526842e-05   4.519489e-07
 9.008488e-03  -4.871147e-06   4.679088e-07   5.272877e-02  -8.784801e-06   8.437402e-07  -3.677819e-06   2.145395e-06   1.003184e-04
-4.871146e-06   9.003176e-03   7.880216e-07  -8.784801e-06   5.271919e-02   1.420975e-06  -7.468235e-06   4.356470e-06  -5.949301e-05
 4.679012e-07   7.880084e-07   9.011305e-03   8.437402e-07   1.420975e-06   5.273385e-02  -1.004025e-04   5.856813e-05   7.505259e-07
-2.214638e-06  -4.497096e-06  -6.046015e-05  -3.677819e-06  -7.468235e-06  -1.004025e-04   3.083561e-03   4.593526e-07  -2.567967e-15
 1.291872e-06   2.623306e-06   3.526842e-05   2.145395e-06   4.356470e-06   5.856813e-05   4.593526e-07   3.084080e-03   1.497981e-15
 6.040952e-05  -3.582536e-05   4.519489e-07   1.003184e-04  -5.949301e-05   7.505259e-07  -2.567967e-15   1.497981e-15   3.083293e-03

# timestamp: 1763595436.690964
 7.340549e-03  -5.099844e-06   4.889020e-07   1.304145e-02  -6.734890e-06   6.455532e-07  -2.021192e-07   1.179029e-07   5.532590e-06
-5.099844e-06   7.334988e-03   8.234304e-07  -6.734892e-06   1.303411e-02   1.087278e-06  -4.106733e-07   2.395594e-07  -3.280885e-06
 4.889020e-07   8.234304e-07   7.343498e-03   6.455512e-07   1.087275e-06   1.304535e-02  -5.537266e-06   3.230072e-06   4.137949e-08
 1.304145e-02  -6.734892e-06   6.455512e-07   5.983892e-02  -1.140064e-05   1.092780e-06  -3.051494e-07   1.780038e-07   8.352873e-06
-6.734890e-06   1.303411e-02   1.087275e-06  -1.140064e-05   5.982649e-02   1.840514e-06  -6.200147e-07   3.616752e-07  -4.953341e-06
 6.455532e-07   1.087278e-06   1.304535e-02   1.092780e-06   1.840514e-06   5.984551e-02  -8.359932e-06   4.876627e-06   6.247298e-08
-2.021192e-07  -4.106733e-07  -5.537266e-06  -3.051494e-07  -6.200147e-07  -8.359932e-06   3.156382e-03   3.286186e-09  -3.371938e-18
 1.179029e-07   2.395594e-07   3.230072e-06   1.780038e-07   3.616752e-07   4.876627e-06   3.286186e-09   3.156385e-03   1.966964e-18
 5.532590e-06  -3.280885e-06   4.137949e-08   8.352873e-06  -4.953341e-06   6.247298e-08  -3.371938e-18   1.966964e-18   3.156380e-03

# timestamp: 1763595436.9198945
 5.577283e-03  -4.944162e-06   4.738609e-07   9.648719e-03  -6.257322e-06   5.996475e-07  -2.590723e-06   1.511255e-06   7.094850e-05
-4.944162e-06   5.571892e-03   7.980910e-07  -6.257324e-06   9.641895e-03   1.009949e-06  -5.264305e-06   3.070845e-06  -4.207327e-05
 4.738609e-07   7.980910e-07   5.580142e-03   5.996444e-07   1.009944e-06   9.652337e-03  -7.100868e-05   4.142173e-05   5.306201e-07
 9.648719e-03  -6.257324e-06   5.996444e-07   5.361865e-02  -1.069208e-05   1.024731e-06  -4.161892e-06   2.427771e-06   1.139769e-04
-6.257322e-06   9.641895e-03   1.009944e-06  -1.069208e-05   5.360699e-02   1.725883e-06  -8.456910e-06   4.933197e-06  -6.758958e-05
 5.996475e-07   1.009949e-06   9.652337e-03   1.024731e-06   1.725883e-06   5.362483e-02  -1.140736e-04   6.654292e-05   8.524264e-07
-2.590723e-06  -5.264305e-06  -7.100868e-05  -4.161892e-06  -8.456910e-06  -1.140736e-04   4.220824e-03   5.716046e-07  -9.974519e-17
 1.511255e-06   3.070845e-06   4.142173e-05   2.427771e-06   4.933197e-06   6.654292e-05   5.716046e-07   4.221471e-03   5.818470e-17
 7.094850e-05  -4.207327e-05   5.306201e-07   1.139769e-04  -6.758958e-05   8.524264e-07  -9.974520e-17   5.818470e-17   4.220491e-03

# timestamp: 1763595437.1405177
 5.266836e-03  -3.301335e-06   3.167126e-07   9.370067e-03  -3.980743e-06   3.819349e-07  -8.148310e-07   4.753181e-07   2.219082e-05
-3.301335e-06   5.263236e-03   5.334118e-07  -3.980743e-06   9.365726e-03   6.432661e-07  -1.646682e-06   9.605645e-07  -1.316040e-05
 3.167126e-07   5.334118e-07   5.268745e-03   3.819417e-07   6.432615e-07   9.372369e-03  -2.220988e-05   1.295577e-05   1.616048e-07
 9.370067e-03  -3.980743e-06   3.819417e-07   5.352271e-02  -7.797190e-06   7.480140e-07  -1.346059e-06   7.852012e-07   3.665807e-05
-3.980743e-06   9.365726e-03   6.432615e-07  -7.797190e-06   5.351421e-02   1.259806e-06  -2.720215e-06   1.586792e-06  -2.174029e-05
 3.819349e-07   6.432661e-07   9.372369e-03   7.480140e-07   1.259806e-06   5.352722e-02  -3.668956e-05   2.140224e-05   2.669517e-07
-8.148310e-07  -1.646682e-06  -2.220988e-05  -1.346059e-06  -2.720215e-06  -3.668956e-05   2.069811e-03   6.762036e-08   1.410944e-18
 4.753181e-07   9.605645e-07   1.295577e-05   7.852012e-07   1.586792e-06   2.140224e-05   6.762036e-08   2.069887e-03  -8.230518e-19
 2.219082e-05  -1.316040e-05   1.616048e-07   3.665807e-05  -2.174029e-05   2.669517e-07   1.410945e-18  -8.230518e-19   2.069771e-03

# timestamp: 1763595437.3477008
 4.680766e-03  -2.834938e-06   2.719185e-07   8.362750e-03  -3.824258e-06   3.667972e-07  -2.049342e-06   1.195450e-06   5.581906e-05
-2.834938e-06   4.677674e-03   4.579662e-07  -3.824258e-06   8.358579e-03   6.177625e-07  -4.141464e-06   2.415854e-06  -3.310374e-05
 2.719185e-07   4.579662e-07   4.682405e-03   3.667992e-07   6.177608e-07   8.364961e-03  -5.586703e-05   3.258910e-05   4.064221e-07
 8.362750e-03  -3.824258e-06   3.667992e-07   5.157579e-02  -8.275663e-06   7.936894e-07  -3.562016e-06   2.077843e-06   9.702062e-05
-3.824258e-06   8.358579e-03   6.177608e-07  -8.275663e-06   5.156677e-02   1.336734e-06  -7.198389e-06   4.199060e-06  -5.753851e-05
 3.667972e-07   6.177625e-07   8.364961e-03   7.936894e-07   1.336734e-06   5.158058e-02  -9.710398e-05   5.664399e-05   7.064131e-07
-2.049342e-06  -4.141464e-06  -5.586703e-05  -3.562016e-06  -7.198389e-06  -9.710398e-05   2.077561e-03   4.844740e-07  -2.387353e-18
 1.195450e-06   2.415854e-06   3.258910e-05   2.077843e-06   4.199060e-06   5.664399e-05   4.844740e-07   2.078109e-03   1.392621e-18
 5.581906e-05  -3.310374e-05   4.064221e-07   9.702062e-05  -5.753851e-05   7.064131e-07  -2.387347e-18   1.392619e-18   2.077279e-03

# timestamp: 1763595437.5877647
 6.766367e-03  -4.477845e-06   4.300328e-07   1.148668e-02  -6.215026e-06   5.969538e-07  -1.519162e-06   8.861781e-07   4.107059e-05
-4.477845e-06   6.761483e-03   7.242747e-07  -6.215026e-06   1.147990e-02   1.005412e-06  -3.046734e-06   1.777261e-06  -2.435765e-05
 4.300328e-07   7.242747e-07   6.768956e-03   5.969555e-07   1.005411e-06   1.149027e-02  -4.110569e-05   2.397832e-05   2.875121e-07
 1.148668e-02  -6.215026e-06   5.969555e-07   5.629697e-02  -1.110392e-05   1.066336e-06  -2.389712e-06   1.393999e-06   6.460586e-05
-6.215026e-06   1.147990e-02   1.005411e-06  -1.110392e-05   5.628486e-02   1.795958e-06  -4.792648e-06   2.795711e-06  -3.831567e-05
 5.969538e-07   1.005412e-06   1.149027e-02   1.066336e-06   1.795958e-06   5.630339e-02  -6.466106e-05   3.771895e-05   4.522674e-07
-1.519162e-06  -3.046734e-06  -4.110569e-05  -2.389712e-06  -4.792648e-06  -6.466106e-05   3.160629e-03   1.273208e-07  -1.078936e-18
 8.861781e-07   1.777261e-06   2.397832e-05   1.393999e-06   2.795711e-06   3.771895e-05   1.273208e-07   3.160773e-03   6.293782e-19
 4.107059e-05  -2.435765e-05   2.875121e-07   6.460586e-05  -3.831567e-05   4.522674e-07  -1.078935e-18   6.293780e-19   3.160555e-03

# timestamp: 1763595437.895174
 3.417707e-03  -6.838521e-07   6.478806e-08   6.222349e-03  -9.269243e-07   8.737874e-08   2.746190e-07  -1.601944e-07  -8.430746e-06
-6.838521e-07   3.416963e-03   1.090171e-07  -9.270168e-07   6.221341e-03   1.469760e-07   5.577126e-07  -3.253323e-07   5.033990e-06
 6.478806e-08   1.090171e-07   3.418103e-03   8.755874e-08   1.473050e-07   6.222886e-03   8.459260e-06  -4.934568e-06  -5.838186e-08
 6.222349e-03  -9.270168e-07   8.755874e-08   4.857983e-02  -3.428174e-06   3.263434e-07   5.341059e-07  -3.115618e-07  -1.620936e-05
-9.269243e-07   6.221341e-03   1.473050e-07  -3.428174e-06   4.857609e-02   5.493245e-07   1.083542e-06  -6.320661e-07   9.671673e-06
 8.737874e-08   1.469760e-07   6.222886e-03   3.263434e-07   5.493245e-07   4.858181e-02   1.626010e-05  -9.485056e-06  -1.123481e-07
 2.746190e-07   5.577126e-07   8.459260e-06   5.341059e-07   1.083542e-06   1.626010e-05   2.272584e-03   1.426100e-06  -4.976926e-13
-1.601944e-07  -3.253323e-07  -4.934568e-06  -3.115618e-07  -6.320661e-07  -9.485056e-06   1.426100e-06   2.274197e-03   2.903207e-13
-8.430746e-06   5.033990e-06  -5.838186e-08  -1.620936e-05   9.671673e-06  -1.123481e-07  -4.976926e-13   2.903207e-13   2.271752e-03

# timestamp: 1763595438.1450732
 3.415949e-03  -7.266975e-07   5.507901e-08   6.844074e-03  -1.187020e-06   9.704217e-08   1.244651e-07  -7.260462e-08  -2.844062e-06
-7.266975e-07   3.415159e-03   9.267170e-08  -1.187122e-06   6.842782e-03   1.627680e-07   2.010772e-07  -1.172950e-07   1.703090e-06
 5.507901e-08   9.267170e-08   3.416373e-03   9.649938e-08   1.628898e-07   6.844765e-03   2.853486e-06  -1.664533e-06   4.109538e-09
 6.844074e-03  -1.187122e-06   9.649938e-08   4.959907e-02  -3.153040e-06   2.812346e-07   2.521588e-07  -1.470926e-07  -5.834315e-06
-1.187020e-06   6.842782e-03   1.628898e-07  -3.153040e-06   4.959564e-02   4.733740e-07   4.145983e-07  -2.418490e-07   3.490236e-06
 9.704217e-08   1.627680e-07   6.844765e-03   2.812346e-07   4.733740e-07   4.960090e-02   5.852216e-06  -3.413793e-06   4.226875e-09
 1.244651e-07   2.010772e-07   2.853486e-06   2.521588e-07   4.145983e-07   5.852216e-06   2.074611e-03   2.252231e-07   5.744040e-14
-7.260462e-08  -1.172950e-07  -1.664533e-06  -1.470926e-07  -2.418490e-07  -3.413793e-06   2.252231e-07   2.074865e-03  -3.350690e-14
-2.844062e-06   1.703090e-06   4.109538e-09  -5.834315e-06   3.490236e-06   4.226875e-09   5.744040e-14  -3.350690e-14   2.074479e-03

# timestamp: 1763595438.3602858
 3.245473e-03  -2.304710e-07   2.048504e-08   6.574433e-03  -2.503624e-07   2.445040e-08  -6.728530e-08   3.924976e-08  -3.951813e-08
-2.304710e-07   3.245223e-03   3.441809e-08  -2.505411e-07   6.574161e-03   4.094867e-08  -1.216639e-07   7.097060e-08   8.549842e-08
