# ekf covariance log started at 1771616869.347375
# timestamp: 1771616871.7821615
 4.721473e-03  -3.933727e-04  -2.030165e-04   8.957364e-03  -1.443290e-03  -7.407519e-04   6.922361e-04   7.515232e-04  -2.585923e-04
-3.933727e-04   4.234186e-03  -3.425751e-04  -1.434956e-03   7.245890e-03  -1.271668e-03  -9.478521e-05  -1.690243e-04  -7.788814e-05
-2.030165e-04  -3.425751e-04   4.761987e-03  -7.447435e-04  -1.281275e-03   9.113433e-03  -2.375150e-04  -2.628062e-04  -9.356625e-04
 8.957364e-03  -1.434956e-03  -7.447435e-04   5.078301e-02  -5.273136e-03  -2.715438e-03   8.967455e-04   1.041500e-03  -1.280738e-04
-1.443290e-03   7.245890e-03  -1.281275e-03  -5.273136e-03   4.459098e-02  -4.703684e-03  -3.015758e-04  -3.042787e-04   2.985582e-04
-7.407519e-04  -1.271668e-03   9.113433e-03  -2.715438e-03  -4.703684e-03   5.136897e-02  -3.802297e-04  -3.609108e-04  -1.140094e-03
 6.922361e-04  -9.478521e-05  -2.375150e-04   8.967455e-04  -3.015758e-04  -3.802297e-04   6.890321e-01  -5.739342e-01  -3.292482e-05
 7.515232e-04  -1.690243e-04  -2.628062e-04   1.041500e-03  -3.042787e-04  -3.609108e-04  -5.739342e-01   5.643191e-01   4.414579e-05
-2.585923e-04  -7.788814e-05  -9.356625e-04  -1.280738e-04   2.985582e-04  -1.140094e-03  -3.292482e-05   4.414579e-05   4.932485e-02

# timestamp: 1771616873.151644
 2.732809e-03   2.170100e-05  -3.424314e-06   5.631660e-03   7.813547e-05  -1.269649e-06  -5.278681e-04  -5.874833e-04  -6.221426e-04
 2.170100e-05   2.698136e-03   2.349977e-06   8.065785e-05   5.499769e-03  -9.943158e-06  -4.522874e-04  -5.035344e-04   6.624623e-04
-3.424314e-06   2.349977e-06   2.716523e-03   9.858998e-07  -1.114037e-05   5.609797e-03  -4.398583e-05  -4.886647e-05   4.695137e-04
 5.631660e-03   8.065785e-05   9.858998e-07   4.611758e-02   3.025040e-04   2.395686e-05  -1.185528e-03  -1.318201e-03  -1.288368e-03
 7.813547e-05   5.499769e-03  -1.114037e-05   3.025040e-04   4.560442e-02  -7.698518e-05  -9.566908e-04  -1.064517e-03   1.415457e-03
-1.269649e-06  -9.943158e-06   5.609797e-03   2.395686e-05  -7.698518e-05   4.611545e-02  -8.398550e-05  -9.324074e-05   1.081644e-03
-5.278681e-04  -4.522874e-04  -4.398583e-05  -1.185528e-03  -9.566908e-04  -8.398550e-05   7.599687e-01  -6.464373e-01   3.645077e-09
-5.874833e-04  -5.035344e-04  -4.886647e-05  -1.318201e-03  -1.064517e-03  -9.324074e-05  -6.464373e-01   6.195249e-01   3.422106e-06
-6.221426e-04   6.624623e-04   4.695137e-04  -1.288368e-03   1.415457e-03   1.081644e-03   3.645077e-09   3.422106e-06   3.949720e-02

# timestamp: 1771616873.600505
 3.873336e-03   4.095100e-04  -4.589911e-04   6.954023e-03   1.957875e-03  -2.212716e-03  -5.426408e-04  -6.046086e-04  -6.321165e-04
 4.095100e-04   3.761349e-03   5.293756e-04   1.954422e-03   6.422240e-03   2.538020e-03  -5.175398e-04  -5.766717e-04   6.547961e-04
-4.589911e-04   5.293756e-04   3.597619e-03  -2.201304e-03   2.527143e-03   5.730931e-03  -6.249764e-05  -6.965072e-05   1.716936e-04
 6.954023e-03   1.954422e-03  -2.201304e-03   4.376181e-02   9.351498e-03  -1.059464e-02  -9.981008e-04  -1.112058e-03  -7.998671e-04
 1.957875e-03   6.422240e-03   2.527143e-03   9.351498e-03   4.122260e-02   1.213805e-02  -9.949528e-04  -1.108648e-03   7.363067e-04
-2.212716e-03   2.538020e-03   5.730931e-03  -1.059464e-02   1.213805e-02   3.803744e-02  -1.083465e-04  -1.208092e-04   8.609589e-04
-5.426408e-04  -5.175398e-04  -6.249764e-05  -9.981008e-04  -9.949528e-04  -1.083465e-04   7.874140e-01  -6.660017e-01  -1.181125e-06
-6.046086e-04  -5.766717e-04  -6.965072e-05  -1.112058e-03  -1.108648e-03  -1.208092e-04  -6.660017e-01   6.427208e-01   4.714157e-08
-6.321165e-04   6.547961e-04   1.716936e-04  -7.998671e-04   7.363067e-04   8.609589e-04  -1.181125e-06   4.714157e-08   4.509097e-02

# timestamp: 1771616873.636258
 3.492988e-03   3.202298e-04  -3.518085e-04   6.289284e-03   1.570034e-03  -1.761818e-03   7.235911e-04   8.066098e-04   1.022750e-03
 3.202298e-04   3.407534e-03   4.109968e-04   1.570017e-03   5.868366e-03   2.029979e-03   8.058587e-04   8.981834e-04  -8.655533e-04
-3.518085e-04   4.109968e-04   3.248583e-03  -1.741775e-03   2.011298e-03   5.258924e-03   1.035951e-04   1.154500e-04  -1.652565e-04
 6.289284e-03   1.570017e-03  -1.741775e-03   4.303145e-02   7.701003e-03  -8.672340e-03   1.545720e-03   1.722988e-03   1.560378e-03
 1.570034e-03   5.868366e-03   2.011298e-03   7.701003e-03   4.095343e-02   9.958240e-03   1.641059e-03   1.829055e-03  -1.218214e-03
-1.761818e-03   2.029979e-03   5.258924e-03  -8.672340e-03   9.958240e-03   3.824026e-02   2.360974e-04   2.630295e-04  -1.053726e-03
 7.235911e-04   8.058587e-04   1.035951e-04   1.545720e-03   1.641059e-03   2.360974e-04   7.892173e-01  -6.684498e-01   2.866536e-06
 8.066098e-04   8.981834e-04   1.154500e-04   1.722988e-03   1.829055e-03   2.630295e-04  -6.684498e-01   6.439924e-01   4.447287e-06
 1.022750e-03  -8.655533e-04  -1.652565e-04   1.560378e-03  -1.218214e-03  -1.053726e-03   2.866536e-06   4.447287e-06   4.409223e-02

# timestamp: 1771616873.6630552
 3.099081e-03   2.416386e-04  -2.692775e-04   5.653060e-03   1.248636e-03  -1.408538e-03  -3.770538e-04  -4.201391e-04  -5.623247e-04
 2.416386e-04   3.033866e-03   3.116954e-04   1.246195e-03   5.315801e-03   1.617841e-03  -4.375165e-04  -4.875456e-04   4.571063e-04
-2.692775e-04   3.116954e-04   2.933820e-03  -1.402482e-03   1.612124e-03   4.869257e-03  -5.751224e-05  -6.410038e-05  -7.882149e-06
 5.653060e-03   1.246195e-03  -1.402482e-03   4.231550e-02   6.443995e-03  -7.299941e-03  -7.226121e-04  -8.052159e-04  -8.101787e-04
 1.248636e-03   5.315801e-03   1.612124e-03   6.443995e-03   4.056960e-02   8.368096e-03  -8.399893e-04  -9.360824e-04   5.110302e-04
-1.408538e-03   1.617841e-03   4.869257e-03  -7.299941e-03   8.368096e-03   3.836169e-02  -1.317505e-04  -1.468910e-04   3.645499e-04
-3.770538e-04  -4.375165e-04  -5.751224e-05  -7.226121e-04  -8.399893e-04  -1.317505e-04   7.898398e-01  -6.710997e-01   1.840469e-06
-4.201391e-04  -4.875456e-04  -6.410038e-05  -8.052159e-04  -9.360824e-04  -1.468910e-04  -6.710997e-01   6.440390e-01   3.126936e-06
-5.623247e-04   4.571063e-04  -7.882149e-06  -8.101787e-04   5.110302e-04   3.645499e-04   1.840469e-06   3.126936e-06   4.185322e-02

# timestamp: 1771616874.0100603
 2.894498e-03   5.725726e-05  -3.538404e-05   5.804175e-03   2.319731e-04  -2.017906e-04   6.333692e-04   7.059142e-04   9.991894e-04
 5.725726e-05   2.887572e-03   5.266722e-05   2.323987e-04   5.759354e-03   2.561103e-04   8.117134e-04   9.046533e-04  -8.168311e-04
-3.538404e-05   5.266722e-05   2.827361e-03  -2.009101e-04   2.550717e-04   5.598395e-03   7.257114e-05   8.088435e-05   6.719879e-04
 5.804175e-03   2.323987e-04  -2.009101e-04   4.571848e-02   9.688478e-04  -9.687784e-04   1.351165e-03   1.505857e-03   2.009287e-03
 2.319731e-04   5.759354e-03   2.550717e-04   9.688478e-04   4.549376e-02   1.161931e-03   1.704772e-03   1.899921e-03  -1.624793e-03
-2.017906e-04   2.561103e-04   5.598395e-03  -9.687784e-04   1.161931e-03   4.499407e-02   1.617457e-04   1.802521e-04   1.312547e-03
 6.333692e-04   8.117134e-04   7.257114e-05   1.351165e-03   1.704772e-03   1.617457e-04   8.081448e-01  -6.885918e-01   2.969690e-06
 7.059142e-04   9.046533e-04   8.088435e-05   1.505857e-03   1.899921e-03   1.802521e-04  -6.885918e-01   6.585440e-01   3.791199e-06
 9.991894e-04  -8.168311e-04   6.719879e-04   2.009287e-03  -1.624793e-03   1.312547e-03   2.969690e-06   3.791199e-06   4.065293e-02

# timestamp: 1771616874.0269973
 3.345452e-03   6.693223e-05  -4.382557e-05   6.748544e-03   2.513501e-04  -2.211661e-04   6.603925e-04   7.360314e-04   1.039375e-03
 6.693223e-05   3.336644e-03   6.335563e-05   2.517756e-04   6.699230e-03   2.793489e-04   8.458089e-04   9.426517e-04  -8.493269e-04
-4.382557e-05   6.335563e-05   3.269794e-03  -2.202857e-04   2.783103e-04   6.528276e-03   7.580605e-05   8.448940e-05   6.982389e-04
 6.748544e-03   2.517756e-04  -2.202857e-04   4.771848e-02   9.688478e-04  -9.687784e-04   1.351165e-03   1.505857e-03   2.009287e-03
 2.513501e-04   6.699230e-03   2.783103e-04   9.688478e-04   4.749376e-02   1.161931e-03   1.704772e-03   1.899921e-03  -1.624793e-03
-2.211661e-04   2.793489e-04   6.528276e-03  -9.687784e-04   1.161931e-03   4.699407e-02   1.617457e-04   1.802521e-04   1.312547e-03
 6.603925e-04   8.458089e-04   7.580605e-05   1.351165e-03   1.704772e-03   1.617457e-04   8.101448e-01  -6.885918e-01   2.969690e-06
 7.360314e-04   9.426517e-04   8.448940e-05   1.505857e-03   1.899921e-03   1.802521e-04  -6.885918e-01   6.605440e-01   3.791199e-06
 1.039375e-03  -8.493269e-04   6.982389e-04   2.009287e-03  -1.624793e-03   1.312547e-03   2.969690e-06   3.791199e-06   4.265293e-02

# timestamp: 1771616874.0443277
 2.903062e-03   4.139932e-05  -4.076087e-05   5.926335e-03   1.716744e-04  -1.832310e-04  -2.519173e-04  -2.807620e-04  -2.549956e-04
 4.139932e-05   2.893230e-03   4.801805e-05   1.713708e-04   5.882438e-03   2.121800e-04  -2.495675e-04  -2.781414e-04   2.926811e-04
-4.076087e-05   4.801805e-05   2.874417e-03  -1.829211e-04   2.119915e-04   5.816299e-03  -1.933592e-05  -2.155811e-05  -3.454492e-04
 5.926335e-03   1.713708e-04  -1.829211e-04   4.621405e-02   7.203789e-04  -7.957898e-04  -5.020673e-04  -5.596156e-04  -4.947821e-04
 1.716744e-04   5.882438e-03   2.119915e-04   7.203789e-04   4.602347e-02   9.165551e-04  -5.070918e-04  -5.651933e-04   5.494340e-04
-1.832310e-04   2.121800e-04   5.816299e-03  -7.957898e-04   9.165551e-04   4.576137e-02  -4.001369e-05  -4.462971e-05  -6.390425e-04
-2.519173e-04  -2.495675e-04  -1.933592e-05  -5.020673e-04  -5.070918e-04  -4.001369e-05   8.099052e-01  -6.910879e-01  -1.052787e-06
-2.807620e-04  -2.781414e-04  -2.155811e-05  -5.596156e-04  -5.651933e-04  -4.462971e-05  -6.910879e-01   6.597621e-01  -7.488046e-07
-2.549956e-04   2.926811e-04  -3.454492e-04  -4.947821e-04   5.494340e-04  -6.390425e-04  -1.052787e-06  -7.488046e-07   3.968121e-02

# timestamp: 1771616874.0598295
 3.126310e-03   4.490181e-05  -4.450197e-05   6.398475e-03   1.788782e-04  -1.911889e-04  -2.569380e-04  -2.863582e-04  -2.599435e-04
 4.490181e-05   3.115582e-03   5.235142e-05   1.785746e-04   6.352673e-03   2.213456e-04  -2.546384e-04  -2.837933e-04   2.981754e-04
-4.450197e-05   5.235142e-05   3.095419e-03  -1.908790e-04   2.211570e-04   6.283912e-03  -1.973606e-05  -2.200440e-05  -3.518396e-04
 6.398475e-03   1.785746e-04  -1.908790e-04   4.721405e-02   7.203789e-04  -7.957898e-04  -5.020673e-04  -5.596156e-04  -4.947821e-04
 1.788782e-04   6.352673e-03   2.211570e-04   7.203789e-04   4.702347e-02   9.165551e-04  -5.070918e-04  -5.651933e-04   5.494340e-04
-1.911889e-04   2.213456e-04   6.283912e-03  -7.957898e-04   9.165551e-04   4.676137e-02  -4.001369e-05  -4.462971e-05  -6.390425e-04
-2.569380e-04  -2.546384e-04  -1.973606e-05  -5.020673e-04  -5.070918e-04  -4.001369e-05   8.109052e-01  -6.910879e-01  -1.052787e-06
-2.863582e-04  -2.837933e-04  -2.200440e-05  -5.596156e-04  -5.651933e-04  -4.462971e-05  -6.910879e-01   6.607621e-01  -7.488046e-07
-2.599435e-04   2.981754e-04  -3.518396e-04  -4.947821e-04   5.494340e-04  -6.390425e-04  -1.052787e-06  -7.488046e-07   4.068121e-02

# timestamp: 1771616874.0807586
 3.601634e-03   5.233901e-05  -5.246164e-05   7.372756e-03   1.932858e-04  -2.071047e-04  -2.669793e-04  -2.975505e-04  -2.698391e-04
 5.233901e-05   3.588998e-03   6.156809e-05   1.929821e-04   7.323142e-03   2.396767e-04  -2.647802e-04  -2.950972e-04   3.091641e-04
-5.246164e-05   6.156809e-05   3.565980e-03  -2.067948e-04   2.394881e-04   7.249140e-03  -2.053633e-05  -2.289700e-05  -3.646205e-04
 7.372756e-03   1.929821e-04  -2.067948e-04   4.921405e-02   7.203789e-04  -7.957898e-04  -5.020673e-04  -5.596156e-04  -4.947821e-04
 1.932858e-04   7.323142e-03   2.394881e-04   7.203789e-04   4.902347e-02   9.165551e-04  -5.070918e-04  -5.651933e-04   5.494340e-04
-2.071047e-04   2.396767e-04   7.249140e-03  -7.957898e-04   9.165551e-04   4.876137e-02  -4.001369e-05  -4.462971e-05  -6.390425e-04
-2.669793e-04  -2.647802e-04  -2.053633e-05  -5.020673e-04  -5.070918e-04  -4.001369e-05   8.129052e-01  -6.910879e-01  -1.052787e-06
-2.975505e-04  -2.950972e-04  -2.289700e-05  -5.596156e-04  -5.651933e-04  -4.462971e-05  -6.910879e-01   6.627621e-01  -7.488046e-07
-2.698391e-04   3.091641e-04  -3.646205e-04  -4.947821e-04   5.494340e-04  -6.390425e-04  -1.052787e-06  -7.488046e-07   4.268121e-02

# timestamp: 1771616874.0956795
 4.116730e-03   6.035252e-05  -6.105795e-05   8.387037e-03   2.076934e-04  -2.230205e-04  -2.770207e-04  -3.087428e-04  -2.797347e-04
 6.035252e-05   4.102033e-03   7.151801e-05   2.073897e-04   8.333611e-03   2.580078e-04  -2.749221e-04  -3.064010e-04   3.201528e-04
-6.105795e-05   7.151801e-05   4.075950e-03  -2.227106e-04   2.578192e-04   8.254367e-03  -2.133661e-05  -2.378959e-05  -3.774013e-04
 8.387037e-03   2.073897e-04  -2.227106e-04   5.121405e-02   7.203789e-04  -7.957898e-04  -5.020673e-04  -5.596156e-04  -4.947821e-04
 2.076934e-04   8.333611e-03   2.578192e-04   7.203789e-04   5.102347e-02   9.165551e-04  -5.070918e-04  -5.651933e-04   5.494340e-04
-2.230205e-04   2.580078e-04   8.254367e-03  -7.957898e-04   9.165551e-04   5.076137e-02  -4.001369e-05  -4.462971e-05  -6.390425e-04
-2.770207e-04  -2.749221e-04  -2.133661e-05  -5.020673e-04  -5.070918e-04  -4.001369e-05   8.149052e-01  -6.910879e-01  -1.052787e-06
-3.087428e-04  -3.064010e-04  -2.378959e-05  -5.596156e-04  -5.651933e-04  -4.462971e-05  -6.910879e-01   6.647621e-01  -7.488046e-07
-2.797347e-04   3.201528e-04  -3.774013e-04  -4.947821e-04   5.494340e-04  -6.390425e-04  -1.052787e-06  -7.488046e-07   4.468121e-02

# timestamp: 1771616874.1178937
 3.371256e-03   3.504477e-05  -3.702852e-05   6.893170e-03   1.316251e-04  -1.449475e-04   6.672940e-06   7.437062e-06   9.554122e-06
 3.504477e-05   3.362513e-03   4.334726e-05   1.316257e-04   6.858740e-03   1.675106e-04   8.319066e-06   9.271687e-06  -8.221068e-06
-3.702852e-05   4.334726e-05   3.347706e-03  -1.448817e-04   1.674447e-04   6.809851e-03   6.826966e-07   7.608713e-07   8.818298e-06
 6.893170e-03   1.316257e-04  -1.448817e-04   4.822545e-02   4.974990e-04  -5.568946e-04   1.376825e-05   1.534485e-05   1.883216e-05
 1.316251e-04   6.858740e-03   1.674447e-04   4.974990e-04   4.809259e-02   6.409474e-04   1.686515e-05   1.879638e-05  -1.633585e-05
-1.449475e-04   1.675106e-04   6.809851e-03  -5.568946e-04   6.409474e-04   4.791380e-02   1.425390e-06   1.588606e-06   1.764126e-05
 6.672940e-06   8.319066e-06   6.826966e-07   1.376825e-05   1.686515e-05   1.425390e-06   1.398238e-03  -1.840066e-06   2.358038e-10
 7.437062e-06   9.271687e-06   7.608713e-07   1.534485e-05   1.879638e-05   1.588606e-06  -1.840066e-06   1.397838e-03   2.638260e-10
 9.554122e-06  -8.221068e-06   8.818298e-06   1.883216e-05  -1.633585e-05   1.764126e-05   2.358038e-10   2.638260e-10   1.396184e-03

# timestamp: 1771616874.141813
 2.868351e-03   2.303708e-05  -2.372917e-05   5.887962e-03   9.101088e-05  -9.936874e-05  -6.893400e-07  -7.682768e-07   7.356430e-06
 2.303708e-05   2.862944e-03   2.757672e-05   9.100667e-05   5.864738e-03   1.142917e-04  -1.017933e-06  -1.134497e-06   8.140916e-06
-2.372917e-05   2.757672e-05   2.854533e-03  -9.935360e-05   1.142969e-04   5.833920e-03  -7.216083e-06  -8.042402e-06  -2.306620e-06
 5.887962e-03   9.100667e-05  -9.935360e-05   4.621967e-02   3.654902e-04  -4.078119e-04  -1.290690e-06  -1.438489e-06   1.482515e-05
 9.101088e-05   5.864738e-03   1.142969e-04   3.654902e-04   4.612311e-02   4.683121e-04  -2.256088e-06  -2.514436e-06   1.637393e-05
-9.936874e-05   1.142917e-04   5.833920e-03  -4.078119e-04   4.683121e-04   4.599709e-02  -1.439378e-05  -1.604202e-05  -4.589229e-06
-6.893400e-07  -1.017933e-06  -7.216083e-06  -1.290690e-06  -2.256088e-06  -1.439378e-05   3.578158e-04  -8.665344e-08   1.299058e-09
-7.682768e-07  -1.134497e-06  -8.042402e-06  -1.438489e-06  -2.514436e-06  -1.604202e-05  -8.665344e-08   3.577969e-04   1.447826e-09
 7.356430e-06   8.140916e-06  -2.306620e-06   1.482515e-05   1.637393e-05  -4.589229e-06   1.299058e-09   1.447826e-09   3.577208e-04

# timestamp: 1771616874.171697
 3.816322e-03   3.088346e-05  -3.232874e-05   7.836717e-03   1.055948e-04  -1.156779e-04  -7.887448e-08  -8.790646e-08   8.461977e-07
 3.088346e-05   3.808899e-03   3.747024e-05   1.055907e-04   7.809623e-03   1.330254e-04  -1.179630e-07  -1.314710e-07   9.362989e-07
-3.232874e-05   3.747024e-05   3.797804e-03  -1.156623e-04   1.330297e-04   7.773733e-03  -8.294215e-07  -9.243992e-07  -2.650738e-07
 7.836717e-03   1.055907e-04  -1.156623e-04   5.021961e-02   3.654239e-04  -4.078049e-04  -1.373913e-07  -1.531243e-07   1.578101e-06
 1.055948e-04   7.809623e-03   1.330297e-04   3.654239e-04   5.012303e-02   4.683127e-04  -2.401557e-07  -2.676562e-07   1.742964e-06
-1.156779e-04   1.330254e-04   7.773733e-03  -4.078049e-04   4.683127e-04   4.999696e-02  -1.532182e-06  -1.707633e-06  -4.885108e-07
-7.887448e-08  -1.179630e-07  -8.294215e-07  -1.373913e-07  -2.401557e-07  -1.532182e-06   1.357422e-03  -9.818316e-10   1.471973e-11
-8.790646e-08  -1.314710e-07  -9.243992e-07  -1.531243e-07  -2.676562e-07  -1.707633e-06  -9.818316e-10   1.357422e-03   1.640542e-11
 8.461977e-07   9.362989e-07  -2.650738e-07   1.578101e-06   1.742964e-06  -4.885108e-07   1.471973e-11   1.640542e-11   1.357421e-03

# timestamp: 1771616874.5458992
 2.123904e-03   7.897718e-07   1.796674e-05   9.441846e-04  -5.839687e-06   1.189477e-04  -9.450419e-07  -1.053259e-06   2.886984e-05
 7.897718e-07   2.903769e-03   1.740692e-06  -9.686208e-06   5.958332e-03   5.010185e-06  -5.787675e-06  -6.450426e-06   4.333754e-05
 1.796674e-05   1.740692e-06   2.904864e-03   1.212339e-04   4.926096e-06   5.957222e-03  -3.900449e-05  -4.347092e-05  -7.112450e-06
 9.441846e-04  -9.686208e-06   1.212339e-04   1.425334e-02  -6.495251e-05   7.803890e-04  -1.877603e-06  -2.092609e-06   1.118357e-05
-5.839687e-06   5.958332e-03   4.926096e-06  -6.495251e-05   4.650128e-02   1.474469e-05  -1.163281e-05  -1.296489e-05   8.687310e-05
 1.189477e-04   5.010185e-06   5.957222e-03   7.803890e-04   1.474469e-05   4.648303e-02  -7.826577e-05  -8.722803e-05  -1.312884e-05
-9.450419e-07  -5.787675e-06  -3.900449e-05  -1.877603e-06  -1.163281e-05  -7.826577e-05   2.340705e-03  -1.856052e-06  -9.408763e-11
-1.053259e-06  -6.450426e-06  -4.347092e-05  -2.092609e-06  -1.296489e-05  -8.722803e-05  -1.856052e-06   2.340302e-03  -1.048617e-10
 2.886984e-05   4.333754e-05  -7.112450e-06   1.118357e-05   8.687310e-05  -1.312884e-05  -9.408763e-11  -1.048617e-10   2.338494e-03

# timestamp: 1771616874.562284
 2.244087e-03   2.819076e-07   2.047976e-05   1.096630e-03  -7.169396e-06   1.268082e-04  -1.031196e-07  -1.149279e-07   3.100893e-06
 2.819076e-07   3.127142e-03   1.786307e-06  -1.047462e-05   6.432276e-03   5.035756e-06  -6.316744e-07  -7.040079e-07   4.729849e-06
 2.047976e-05   1.786307e-06   3.127793e-03   1.290147e-04   4.964297e-06   6.430159e-03  -4.256862e-06  -4.744318e-06  -7.750437e-07
 1.096630e-03  -1.047462e-05   1.290147e-04   1.525330e-02  -6.522549e-05   7.803402e-04  -2.008864e-07  -2.238900e-07   1.196586e-06
-7.169396e-06   6.432276e-03   4.964297e-06  -6.522549e-05   4.749918e-02   1.450376e-05  -1.244604e-06  -1.387125e-06   9.294984e-06
 1.268082e-04   5.035756e-06   6.430159e-03   7.803402e-04   1.450376e-05   4.747931e-02  -8.373723e-06  -9.332604e-06  -1.404721e-06
-1.031196e-07  -6.316744e-07  -4.256862e-06  -2.008864e-07  -1.244604e-06  -8.373723e-06   3.572273e-04  -2.122511e-08  -1.077067e-12
-1.149279e-07  -7.040079e-07  -4.744318e-06  -2.238900e-07  -1.387125e-06  -9.332604e-06  -2.122511e-08   3.572227e-04  -1.200402e-12
 3.100893e-06   4.729849e-06  -7.750437e-07   1.196586e-06   9.294984e-06  -1.404721e-06  -1.077067e-12  -1.200402e-12   3.572020e-04

# timestamp: 1771616874.5806432
 2.494550e-03  -1.026913e-07   2.590887e-05   1.431695e-03  -8.484549e-06   1.424158e-04  -1.554290e-08  -1.732273e-08   4.533327e-07
-1.026913e-07   3.603923e-03   1.991180e-06  -1.178137e-05   7.412242e-03   5.323865e-06  -9.525107e-08  -1.061583e-07   7.131502e-07
 2.590887e-05   1.991180e-06   3.604475e-03   1.446211e-04   5.252601e-06   7.409715e-03  -6.418585e-07  -7.153581e-07  -1.165150e-07
 1.431695e-03  -1.178137e-05   1.446211e-04   1.725330e-02  -6.522973e-05   7.803394e-04  -2.914350e-08  -3.248074e-08   1.735942e-07
-8.484549e-06   7.412242e-03   5.252601e-06  -6.522973e-05   4.949915e-02   1.450002e-05  -1.805604e-07  -2.012365e-07   1.348466e-06
 1.424158e-04   5.323865e-06   7.409715e-03   7.803394e-04   1.450002e-05   4.947926e-02  -1.214814e-06  -1.353923e-06  -2.037893e-07
-1.554290e-08  -9.525107e-08  -6.418585e-07  -2.914350e-08  -1.805604e-07  -1.214814e-06   3.419707e-04  -4.467099e-10  -2.266862e-14
-1.732273e-08  -1.061583e-07  -7.153581e-07  -3.248074e-08  -2.012365e-07  -1.353923e-06  -4.467099e-10   3.419706e-04  -2.526442e-14
 4.533327e-07   7.131502e-07  -1.165150e-07   1.735942e-07   1.348466e-06  -2.037893e-07  -2.266862e-14  -2.526442e-14   3.419702e-04

# timestamp: 1771616874.597777
 2.759219e-03  -5.342263e-07   3.196176e-05   1.806761e-03  -9.789370e-06   1.580226e-04  -2.352436e-09  -2.621815e-09   6.663888e-08
-5.342263e-07   4.120713e-03   2.208488e-06  -1.308602e-05   8.432225e-03   5.613822e-06  -1.442208e-08  -1.607356e-08   1.079690e-07
 3.196176e-05   2.208488e-06   4.121155e-03   1.602279e-04   5.542563e-06   8.429299e-03  -9.717899e-08  -1.083070e-07  -1.759184e-08
 1.806761e-03  -1.308602e-05   1.602279e-04   1.925330e-02  -6.522982e-05   7.803394e-04  -4.251468e-09  -4.738307e-09   2.532401e-08
-9.789370e-06   8.432225e-03   5.542563e-06  -6.522982e-05   5.149915e-02   1.449994e-05  -2.634024e-08  -2.935648e-08   1.967149e-07
 1.580226e-04   5.613822e-06   8.429299e-03   7.803394e-04   1.449994e-05   5.147926e-02  -1.772177e-07  -1.975110e-07  -2.972888e-08
-2.352436e-09  -1.442208e-08  -9.717899e-08  -4.251468e-09  -2.634024e-08  -1.772177e-07   3.416478e-04  -9.506485e-12  -4.824138e-16
-2.621815e-09  -1.607356e-08  -1.083070e-07  -4.738307e-09  -2.935648e-08  -1.975110e-07  -9.506485e-12   3.416478e-04  -5.376553e-16
 6.663888e-08   1.079690e-07  -1.759184e-08   2.532401e-08   1.967149e-07  -2.972888e-08  -4.824138e-16  -5.376553e-16   3.416478e-04

# timestamp: 1771616874.6146169
 2.427415e-03  -3.480215e-07   2.235949e-05   1.825809e-03  -7.948979e-06   1.221472e-04   2.793753e-07   3.113668e-07  -8.264744e-06
-3.480215e-07   3.376631e-03   1.281795e-06  -1.015430e-05   6.931748e-03   3.326968e-06   1.678499e-06   1.870705e-06  -1.255235e-05
 2.235949e-05   1.281795e-06   3.377081e-03   1.235725e-04   3.279180e-06   6.929626e-03   1.132928e-05   1.262660e-05   2.064299e-06
 1.825809e-03  -1.015430e-05   1.235725e-04   2.099581e-02  -5.572996e-05   6.650484e-04   5.392097e-07   6.009550e-07  -5.252471e-06
-7.948979e-06   6.931748e-03   3.279180e-06  -5.572996e-05   4.846567e-02   8.939172e-06   3.304774e-06   3.683206e-06  -2.467381e-05
 1.221472e-04   3.326968e-06   6.929626e-03   6.650484e-04   8.939172e-06   4.844937e-02   2.228903e-05   2.484136e-05   3.793276e-06
 2.793753e-07   1.678499e-06   1.132928e-05   5.392097e-07   3.304774e-06   2.228903e-05   2.341545e-03  -1.142727e-07   3.403194e-12
 3.113668e-07   1.870705e-06   1.262660e-05   6.009550e-07   3.683206e-06   2.484136e-05  -1.142727e-07   2.341520e-03   3.792897e-12
-8.264744e-06  -1.255235e-05   2.064299e-06  -5.252471e-06  -2.467381e-05   3.793276e-06   3.403194e-12   3.792897e-12   2.341407e-03

# timestamp: 1771616874.6329968
 2.042704e-03   5.937003e-07   1.444729e-05   1.628323e-03  -4.672293e-06   9.153505e-05  -9.370048e-07  -1.044302e-06   2.942655e-05
 5.937003e-07   2.659303e-03   8.618982e-07  -7.075793e-06   5.455233e-03   2.276557e-06  -5.604233e-06  -6.245977e-06   4.194373e-05
 1.444729e-05   8.618982e-07   2.660538e-03   9.263265e-05   2.222689e-06   5.455371e-03  -3.785528e-05  -4.219012e-05  -6.943863e-06
 1.628323e-03  -7.075793e-06   9.263265e-05   2.166199e-02  -4.706601e-05   5.753248e-04  -1.890094e-06  -2.106530e-06   2.330496e-05
-4.672293e-06   5.455233e-03   2.222689e-06  -4.706601e-05   4.542207e-02   6.345248e-06  -1.153093e-05  -1.285134e-05   8.618264e-05
 9.153505e-05   2.276557e-06   5.455371e-03   5.753248e-04   6.345248e-06   4.541175e-02  -7.784889e-05  -8.676342e-05  -1.337559e-05
-9.370048e-07  -5.604233e-06  -3.785528e-05  -1.890094e-06  -1.153093e-05  -7.784889e-05   1.339974e-03  -1.857749e-06   6.683164e-11
-1.044302e-06  -6.245977e-06  -4.219012e-05  -2.106530e-06  -1.285134e-05  -8.676342e-05  -1.857749e-06   1.339570e-03   7.448457e-11
 2.942655e-05   4.194373e-05  -6.943863e-06   2.330496e-05   8.618264e-05  -1.337559e-05   6.683164e-11   7.448457e-11   1.337773e-03

# timestamp: 1771616874.6495235
 2.316675e-03  -1.415323e-07   1.840805e-05   2.091307e-03  -6.563812e-06   1.031254e-04  -1.424166e-07  -1.587248e-07   4.367440e-06
-1.415323e-07   3.095457e-03   8.811188e-07  -8.397857e-06   6.392244e-03   2.244816e-06  -8.524555e-07  -9.500708e-07   6.379985e-06
 1.840805e-05   8.811188e-07   3.096126e-03   1.041395e-04   2.204434e-06   6.391059e-03  -5.758020e-06  -6.417375e-06  -1.053611e-06
 2.091307e-03  -8.397857e-06   1.041395e-04   2.366179e-02  -4.781748e-05   5.753181e-04  -2.761375e-07  -3.077582e-07   3.404950e-06
-6.563812e-06   6.392244e-03   2.204434e-06  -4.781748e-05   4.741925e-02   6.031176e-06  -1.684637e-06  -1.877546e-06   1.259164e-05
 1.031254e-04   2.244816e-06   6.391059e-03   5.753181e-04   6.031176e-06   4.740673e-02  -1.137350e-05  -1.267589e-05  -1.954228e-06
-1.424166e-07  -8.524555e-07  -5.758020e-06  -2.761375e-07  -1.684637e-06  -1.137350e-05   1.341605e-03  -3.959845e-08   1.426548e-12
-1.587248e-07  -9.500708e-07  -6.417375e-06  -3.077582e-07  -1.877546e-06  -1.267589e-05  -3.959845e-08   1.341597e-03   1.589903e-12
 4.367440e-06   6.379985e-06  -1.053611e-06   3.404950e-06   1.259164e-05  -1.954228e-06   1.426548e-12   1.589903e-12   1.341558e-03

# timestamp: 1771616874.6662972
 2.610285e-03  -4.707295e-07   2.278452e-05   2.594537e-03  -7.540737e-06   1.146336e-04  -2.158469e-08  -2.405637e-08   6.471558e-07
-4.707295e-07   3.570598e-03   9.708217e-07  -9.362644e-06   7.370598e-03   2.361925e-06  -1.292910e-07  -1.440963e-07   9.675982e-07
 2.278452e-05   9.708217e-07   3.571202e-03   1.156459e-04   2.321829e-06   7.369137e-03  -8.732966e-07  -9.732984e-07  -1.594270e-07
 2.594537e-03  -9.362644e-06   1.156459e-04   2.566178e-02  -4.783349e-05   5.753180e-04  -4.028909e-08  -4.490263e-08   4.967905e-07
-7.540737e-06   7.370598e-03   2.321829e-06  -4.783349e-05   4.941919e-02   6.024482e-06  -2.457923e-07  -2.739382e-07   1.837151e-06
 1.146336e-04   2.361925e-06   7.369137e-03   5.753180e-04   6.024482e-06   4.940662e-02  -1.659420e-06  -1.849441e-06  -2.851266e-07
-2.158469e-08  -1.292910e-07  -8.732966e-07  -4.028909e-08  -2.457923e-07  -1.659420e-06   1.341640e-03  -8.429265e-10   3.036763e-14
-2.405637e-08  -1.440963e-07  -9.732984e-07  -4.490263e-08  -2.739382e-07  -1.849441e-06  -8.429265e-10   1.341640e-03   3.384505e-14
 6.471558e-07   9.675982e-07  -1.594270e-07   4.967905e-07   1.837151e-06  -2.851266e-07   3.036763e-14   3.384505e-14   1.341639e-03

# timestamp: 1771616874.6853921
 2.924831e-03  -8.281087e-07   2.762025e-05   3.137772e-03  -8.497733e-06   1.261400e-04  -2.393654e-09  -2.667753e-09   7.024640e-08
-8.281087e-07   4.085689e-03   1.066878e-06  -1.031945e-05   8.388981e-03   2.482357e-06  -1.434739e-08  -1.599032e-08   1.073691e-07
 2.762025e-05   1.066878e-06   4.086229e-03   1.271523e-04   2.442267e-06   8.387268e-03  -9.690780e-08  -1.080048e-07  -1.765317e-08
 3.137772e-03  -1.031945e-05   1.271523e-04   2.766178e-02  -4.783374e-05   5.753180e-04  -4.307106e-09  -4.800316e-09   5.310940e-08
-8.497733e-06   8.388981e-03   2.442267e-06  -4.783374e-05   5.141919e-02   6.024378e-06  -2.627643e-08  -2.928536e-08   1.964006e-07
 1.261400e-04   2.482357e-06   8.387268e-03   5.753180e-04   6.024378e-06   5.140662e-02  -1.774003e-07  -1.977146e-07  -3.048147e-08
-2.393654e-09  -1.434739e-08  -9.690780e-08  -4.307106e-09  -2.627643e-08  -1.774003e-07   3.572380e-04  -9.633535e-12   3.470621e-16
-2.667753e-09  -1.599032e-08  -1.080048e-07  -4.800316e-09  -2.928536e-08  -1.977146e-07  -9.633535e-12   3.572380e-04   3.868044e-16
 7.024640e-08   1.073691e-07  -1.765317e-08   5.310940e-08   1.964006e-07  -3.048147e-08   3.470621e-16   3.868044e-16   3.572380e-04

# timestamp: 1771616875.046523
 2.694549e-03   1.015066e-06   3.015860e-06   5.194448e-03   5.385400e-07   1.338749e-05  -2.132854e-07  -2.377089e-07   8.345466e-06
 1.015066e-06   2.825613e-03   1.626427e-07   2.330298e-07   5.755845e-03   2.176031e-07  -1.282581e-06  -1.429450e-06   9.650547e-06
 3.015860e-06   1.626427e-07   2.826738e-03   1.346717e-05   2.104607e-07   5.757067e-03  -8.675478e-06  -9.668913e-06  -1.632409e-06
 5.194448e-03   2.330298e-07   1.346717e-05   4.362463e-02  -1.450727e-06   5.790041e-05  -4.261815e-07  -4.749838e-07   1.575238e-05
 5.385400e-07   5.755845e-03   2.104607e-07  -1.450727e-06   4.603235e-02   4.944164e-07  -2.565718e-06  -2.859521e-06   1.930387e-05
 1.338749e-05   2.176031e-07   5.757067e-03   5.790041e-05   4.944164e-07   4.603423e-02  -1.735529e-05  -1.934266e-05  -3.242908e-06
-2.132854e-07  -1.282581e-06  -8.675478e-06  -4.261815e-07  -2.565718e-06  -1.735529e-05   1.341859e-03  -1.329490e-07   7.932655e-13
-2.377089e-07  -1.429450e-06  -9.668913e-06  -4.749838e-07  -2.859521e-06  -1.934266e-05  -1.329490e-07   1.341830e-03   8.841029e-13
 8.345466e-06   9.650547e-06  -1.632409e-06   1.575238e-05   1.930387e-05  -3.242908e-06   7.932655e-13   8.841029e-13   1.341709e-03

# timestamp: 1771616875.0656729
 3.120257e-03   1.006509e-06   3.578842e-06   6.096904e-03   4.645039e-07   1.455070e-05  -2.371204e-08  -2.642733e-08   9.258350e-07
 1.006509e-06   3.274732e-03   1.687426e-07   1.614210e-07   6.706438e-03   2.223179e-07  -1.425973e-07  -1.589263e-07   1.072945e-06
 3.578842e-06   1.687426e-07   3.275885e-03   1.463002e-05   2.152337e-07   6.707657e-03  -9.645410e-07  -1.074991e-06  -1.814430e-07
 6.096904e-03   1.614210e-07   1.463002e-05   4.562456e-02  -1.532650e-06   5.790963e-05  -4.556007e-08  -5.077718e-08   1.683977e-06
 4.645039e-07   6.706438e-03   2.152337e-07  -1.532650e-06   4.803225e-02   4.844640e-07  -2.742829e-07  -3.056913e-07   2.063642e-06
 1.455070e-05   2.223179e-07   6.707657e-03   5.790963e-05   4.844640e-07   4.803405e-02  -1.855332e-06  -2.067788e-06  -3.466766e-07
-2.371204e-08  -1.425973e-07  -9.645410e-07  -4.556007e-08  -2.742829e-07  -1.855332e-06   3.572405e-04  -1.519265e-09   9.065636e-15
-2.642733e-08  -1.589263e-07  -1.074991e-06  -5.077718e-08  -3.056913e-07  -2.067788e-06  -1.519265e-09   3.572402e-04   1.010375e-14
 9.258350e-07   1.072945e-06  -1.814430e-07   1.683977e-06   2.063642e-06  -3.466766e-07   9.065636e-15   1.010375e-14   3.572388e-04

# timestamp: 1771616875.0892918
 3.582882e-03   1.018024e-06   4.185666e-06   7.039395e-03   4.331273e-07   1.570897e-05  -3.572160e-09  -3.981210e-09   1.391993e-07
 1.018024e-06   3.762702e-03   1.776429e-07   1.300820e-07   7.697082e-03   2.319239e-07  -2.148280e-08  -2.394281e-08   1.616426e-07
 4.185666e-06   1.776429e-07   3.763904e-03   1.578829e-05   2.248405e-07   7.698336e-03  -1.453117e-07  -1.619514e-07  -2.732829e-08
 7.039395e-03   1.300820e-07   1.578829e-05   4.762456e-02  -1.533921e-06   5.790978e-05  -6.609521e-09  -7.366381e-09   2.442990e-07
 4.331273e-07   7.697082e-03   2.248405e-07  -1.533921e-06   5.003225e-02   4.843097e-07  -3.979096e-08  -4.434745e-08   2.993780e-07
 1.570897e-05   2.319239e-07   7.698336e-03   5.790978e-05   4.843097e-07   5.003405e-02  -2.691580e-07  -2.999795e-07  -5.029330e-08
-3.572160e-09  -2.148280e-08  -1.453117e-07  -6.609521e-09  -3.979096e-08  -2.691580e-07   3.419710e-04  -3.197454e-11   1.907961e-16
-3.981210e-09  -2.394281e-08  -1.619514e-07  -7.366381e-09  -4.434745e-08  -2.999795e-07  -3.197454e-11   3.419710e-04   2.126443e-16
 1.391993e-07   1.616426e-07  -2.732829e-08   2.442990e-07   2.993780e-07  -5.029330e-08   1.907961e-16   2.126443e-16   3.419709e-04

# timestamp: 1771616875.1054096
 2.983277e-03   2.027128e-06   2.348922e-06   5.899920e-03   2.862185e-06   9.928200e-06   1.054598e-06   1.175361e-06  -4.181469e-05
 2.027128e-06   3.091784e-03   2.624477e-07   2.569363e-06   6.329168e-03   4.336693e-07   6.351898e-06   7.079258e-06  -4.777841e-05
 2.348922e-06   2.624477e-07   3.093781e-03   9.996170e-06   4.267783e-07   6.332300e-03   4.295229e-05   4.787079e-05   8.094113e-06
 5.899920e-03   2.569363e-06   9.996170e-06   4.553387e-02   4.298272e-06   4.023287e-05   2.107996e-06   2.349384e-06  -8.060643e-05
 2.862185e-06   6.329168e-03   4.267783e-07   4.298272e-06   4.723527e-02   9.518354e-07   1.270629e-05   1.416130e-05  -9.557251e-05
 9.928200e-06   4.336693e-07   6.332300e-03   4.023287e-05   9.518354e-07   4.724145e-02   8.592314e-05   9.576226e-05   1.611857e-05
 1.054598e-06   6.351898e-06   4.295229e-05   2.107996e-06   1.270629e-05   8.592314e-05   2.340386e-03  -1.766352e-06   1.321864e-11
 1.175361e-06   7.079258e-06   4.787079e-05   2.349384e-06   1.416130e-05   9.576226e-05  -1.766352e-06   2.340002e-03   1.473232e-11
-4.181469e-05  -4.777841e-05   8.094113e-06  -8.060643e-05  -9.557251e-05   1.611857e-05   1.321864e-11   1.473232e-11   2.338395e-03

# timestamp: 1771616875.1248782
 3.437298e-03   1.343540e-06   2.856861e-06   6.839317e-03   1.421105e-06   1.091132e-05   1.602032e-07   1.785482e-07  -6.343396e-06
 1.343540e-06   3.563407e-03   1.911439e-07   1.181274e-06   7.302071e-03   2.804450e-07   9.649404e-07   1.075436e-06  -7.258245e-06
 2.856861e-06   1.911439e-07   3.564810e-03   1.097147e-05   2.748244e-07   7.303937e-03   6.525046e-06   7.272234e-06   1.229404e-06
 6.839317e-03   1.181274e-06   1.097147e-05   4.753150e-02   1.463104e-06   4.055903e-05   3.079145e-07   3.431740e-07  -1.177426e-05
 1.421105e-06   7.302071e-03   2.748244e-07   1.463104e-06   4.923180e-02   6.204840e-07   1.856005e-06   2.068538e-06  -1.396037e-05
 1.091132e-05   2.804450e-07   7.303937e-03   4.055903e-05   6.204840e-07   4.923531e-02   1.255077e-05   1.398797e-05   2.354454e-06
 1.602032e-07   9.649404e-07   6.525046e-06   3.079145e-07   1.856005e-06   1.255077e-05   2.341614e-03  -3.763871e-08   2.820402e-13
 1.785482e-07   1.075436e-06   7.272234e-06   3.431740e-07   2.068538e-06   1.398797e-05  -3.763871e-08   2.341606e-03   3.143368e-13
-6.343396e-06  -7.258245e-06   1.229404e-06  -1.177426e-05  -1.396037e-05   2.354454e-06   2.820402e-13   3.143368e-13   2.341572e-03

# timestamp: 1771616875.1496856
 2.980619e-03   1.758248e-06   1.740417e-06   6.002503e-03   2.517218e-06   7.338861e-06  -1.349726e-07  -1.504284e-07   5.402044e-06
 1.758248e-06   3.062361e-03   2.199695e-07   2.310217e-06   6.321994e-03   3.589591e-07  -8.139350e-07  -9.071392e-07   6.123771e-06
 1.740417e-06   2.199695e-07   3.064060e-03   7.387730e-06   3.540923e-07   6.324640e-03  -5.503787e-06  -6.134030e-06  -1.038276e-06
 6.002503e-03   2.310217e-06   7.387730e-06   4.605368e-02   4.305322e-06   2.943482e-05  -2.671347e-07  -2.977245e-07   1.040167e-05
 2.517218e-06   6.321994e-03   3.540923e-07   4.305322e-06   4.730523e-02   8.149735e-07  -1.611809e-06  -1.796379e-06   1.212640e-05
 7.338861e-06   3.589591e-07   6.324640e-03   2.943482e-05   8.149735e-07   4.731068e-02  -1.089913e-05  -1.214720e-05  -2.048977e-06
-1.349726e-07  -8.139350e-07  -5.503787e-06  -2.671347e-07  -1.611809e-06  -1.089913e-05   3.662190e-04  -4.178517e-08   1.639811e-13
-1.504284e-07  -9.071392e-07  -6.134030e-06  -2.977245e-07  -1.796379e-06  -1.214720e-05  -4.178517e-08   3.662099e-04   1.827587e-13
 5.402044e-06   6.123771e-06  -1.038276e-06   1.040167e-05   1.212640e-05  -2.048977e-06   1.639811e-13   1.827587e-13   3.661721e-04

# timestamp: 1771616875.17453
 3.683606e-03   1.893444e-06   2.210302e-06   7.444092e-03   2.621141e-06   8.224875e-06  -2.067646e-08  -2.304413e-08   8.262819e-07
 1.893444e-06   3.785640e-03   2.405985e-07   2.414795e-06   7.801121e-03   3.805960e-07  -1.246906e-07  -1.389690e-07   9.381286e-07
 2.210302e-06   2.405985e-07   3.787490e-03   8.273647e-06   3.757449e-07   7.803908e-03  -8.431523e-07  -9.397022e-07  -1.590277e-07
 7.444092e-03   2.414795e-06   8.273647e-06   4.905364e-02   4.259374e-06   2.944016e-05  -3.862879e-08  -4.305220e-08   1.504125e-06
 2.621141e-06   7.801121e-03   3.757449e-07   4.259374e-06   5.030518e-02   8.097165e-07  -2.330743e-07  -2.597638e-07   1.753528e-06
 8.224875e-06   3.805960e-07   7.803908e-03   2.944016e-05   8.097165e-07   5.031058e-02  -1.576060e-06  -1.756535e-06  -2.962906e-07
-2.067646e-08  -1.246906e-07  -8.431523e-07  -3.862879e-08  -2.330743e-07  -1.576060e-06   1.342159e-03  -8.737164e-10   3.428904e-15
-2.304413e-08  -1.389690e-07  -9.397022e-07  -4.305220e-08  -2.597638e-07  -1.756535e-06  -8.737164e-10   1.342159e-03   3.821550e-15
 8.262819e-07   9.381286e-07  -1.590277e-07   1.504125e-06   1.753528e-06  -2.962906e-07   3.428904e-15   3.821550e-15   1.342158e-03

# timestamp: 1771616875.2039828
 4.475799e-03   2.048124e-06   2.731781e-06   8.975701e-03   2.748511e-06   9.108129e-06  -2.333981e-09  -2.601247e-09   9.314471e-08
 2.048124e-06   4.600381e-03   2.639917e-07   2.542175e-06   9.370276e-03   4.048416e-07  -1.407560e-08  -1.568741e-08   1.058998e-07
 2.731781e-06   2.639917e-07   4.602404e-03   9.156899e-06   3.999907e-07   9.373224e-03  -9.517866e-08  -1.060776e-07  -1.794862e-08
 8.975701e-03   2.542175e-06   9.156899e-06   5.205364e-02   4.258664e-06   2.944025e-05  -4.129038e-09  -4.601858e-09   1.607762e-07
 2.748511e-06   9.370276e-03   3.999907e-07   4.258664e-06   5.330518e-02   8.096353e-07  -2.491336e-08  -2.776620e-08   1.874349e-07
 9.108129e-06   4.048416e-07   9.373224e-03   2.944025e-05   8.096353e-07   5.331058e-02  -1.684653e-07  -1.877564e-07  -3.167056e-08
-2.333981e-09  -1.407560e-08  -9.517866e-08  -4.129038e-09  -2.491336e-08  -1.684653e-07   1.357244e-03  -9.982652e-12   3.917698e-17
-2.601247e-09  -1.568741e-08  -1.060776e-07  -4.601858e-09  -2.776620e-08  -1.877564e-07  -9.982652e-12   1.357244e-03   4.366317e-17
 9.314471e-08   1.058998e-07  -1.794862e-08   1.607762e-07   1.874349e-07  -3.167056e-08   3.917698e-17   4.366317e-17   1.357244e-03

# timestamp: 1771616875.6590137
 3.984599e-03  -9.209219e-06   6.880098e-05   3.364964e-03  -4.164433e-05   2.414085e-04  -1.342105e-08  -1.495790e-08   3.327034e-07
-9.209219e-06   6.629410e-03   1.185676e-06  -4.661783e-05   1.260260e-02   2.607606e-06  -8.122426e-08  -9.052531e-08   6.117436e-07
 6.880098e-05   1.185676e-06   6.633833e-03   2.421661e-04   2.481214e-06   1.260554e-02  -5.487515e-07  -6.115894e-07  -9.811708e-08
 3.364964e-03  -4.661783e-05   2.421661e-04   2.618718e-02  -1.653361e-04   8.464728e-04  -2.267726e-08  -2.527405e-08   1.418342e-07
-4.164433e-05   1.260260e-02   2.481214e-06  -1.653361e-04   5.847984e-02   6.576446e-06  -1.333374e-07  -1.486060e-07   1.002122e-06
 2.414085e-04   2.607606e-06   1.260554e-02   8.464728e-04   6.576446e-06   5.847307e-02  -9.007869e-07  -1.003937e-06  -1.504689e-07
-1.342105e-08  -8.122426e-08  -5.487515e-07  -2.267726e-08  -1.333374e-07  -9.007869e-07   1.357691e-03  -1.123767e-10  -2.871268e-14
-1.495790e-08  -9.052531e-08  -6.115894e-07  -2.527405e-08  -1.486060e-07  -1.003937e-06  -1.123767e-10   1.357691e-03  -3.200059e-14
 3.327034e-07   6.117436e-07  -9.811708e-08   1.418342e-07   1.002122e-06  -1.504689e-07  -2.871268e-14  -3.200059e-14   1.357691e-03

# timestamp: 1771616875.6843588
 2.600999e-03  -2.506151e-06   2.139830e-05   2.599938e-03  -1.880787e-05   1.048750e-04   9.490006e-08   1.057671e-07  -2.881870e-06
-2.506151e-06   3.425617e-03   3.660272e-07  -2.039799e-05   6.610213e-03   9.104890e-07   5.586979e-07   6.226748e-07  -4.257534e-06
