# timestamp: 1763595080.2229838
 2.130038e+00   0.000000e+00   0.000000e+00   1.094600e+00   0.000000e+00   0.000000e+00   0.000000e+00   0.000000e+00   0.000000e+00
 0.000000e+00   2.130038e+00   0.000000e+00   0.000000e+00   1.094600e+00   0.000000e+00   0.000000e+00   0.000000e+00   0.000000e+00
 0.000000e+00   0.000000e+00   2.130038e+00   0.000000e+00   0.000000e+00   1.094600e+00   0.000000e+00   0.000000e+00   0.000000e+00
 1.094600e+00   0.000000e+00   0.000000e+00   1.104000e+00   0.000000e+00   0.000000e+00   0.000000e+00   0.000000e+00   0.000000e+00
 0.000000e+00   1.094600e+00   0.000000e+00   0.000000e+00   1.104000e+00   0.000000e+00   0.000000e+00   0.000000e+00   0.000000e+00
 0.000000e+00   0.000000e+00   1.094600e+00   0.000000e+00   0.000000e+00   1.104000e+00   0.000000e+00   0.000000e+00   0.000000e+00
 0.000000e+00   0.000000e+00   0.000000e+00   0.000000e+00   0.000000e+00   0.000000e+00   1.104000e+00   0.000000e+00   0.000000e+00
 0.000000e+00   0.000000e+00   0.000000e+00   0.000000e+00   0.000000e+00   0.000000e+00   0.000000e+00   1.104000e+00   0.000000e+00
 0.000000e+00   0.000000e+00   0.000000e+00   0.000000e+00   0.000000e+00   0.000000e+00   0.000000e+00   0.000000e+00   1.104000e+00

# timestamp: 1763595081.1779428
 5.200910e+00   0.000000e+00   0.000000e+00   2.177010e+00   0.000000e+00   0.000000e+00   0.000000e+00   0.000000e+00   0.000000e+00
 0.000000e+00   5.200910e+00   0.000000e+00   0.000000e+00   2.177010e+00   0.000000e+00   0.000000e+00   0.000000e+00   0.000000e+00
 0.000000e+00   0.000000e+00   5.200910e+00   0.000000e+00   0.000000e+00   2.177010e+00   0.000000e+00   0.000000e+00   0.000000e+00
 2.177010e+00   0.000000e+00   0.000000e+00   1.198000e+00   0.000000e+00   0.000000e+00   0.000000e+00   0.000000e+00   0.000000e+00
 0.000000e+00   2.177010e+00   0.000000e+00   0.000000e+00   1.198000e+00   0.000000e+00   0.000000e+00   0.000000e+00   0.000000e+00
 0.000000e+00   0.000000e+00   2.177010e+00   0.000000e+00   0.000000e+00   1.198000e+00   0.000000e+00   0.000000e+00   0.000000e+00
 0.000000e+00   0.000000e+00   0.000000e+00   0.000000e+00   0.000000e+00   0.000000e+00   1.198000e+00   0.000000e+00   0.000000e+00
 0.000000e+00   0.000000e+00   0.000000e+00   0.000000e+00   0.000000e+00   0.000000e+00   0.000000e+00   1.198000e+00   0.000000e+00
 0.000000e+00   0.000000e+00   0.000000e+00   0.000000e+00   0.000000e+00   0.000000e+00   0.000000e+00   0.000000e+00   1.198000e+00

# timestamp: 1763595081.9327736
 9.224452e+00   0.000000e+00   0.000000e+00   3.116750e+00   0.000000e+00   0.000000e+00   0.000000e+00   0.000000e+00   0.000000e+00
 0.000000e+00   9.224452e+00   0.000000e+00   0.000000e+00   3.116750e+00   0.000000e+00   0.000000e+00   0.000000e+00   0.000000e+00
 0.000000e+00   0.000000e+00   9.224452e+00   0.000000e+00   0.000000e+00   3.116750e+00   0.000000e+00   0.000000e+00   0.000000e+00
 3.116750e+00   0.000000e+00   0.000000e+00   1.274000e+00   0.000000e+00   0.000000e+00   0.000000e+00   0.000000e+00   0.000000e+00
 0.000000e+00   3.116750e+00   0.000000e+00   0.000000e+00   1.274000e+00   0.000000e+00   0.000000e+00   0.000000e+00   0.000000e+00
 0.000000e+00   0.000000e+00   3.116750e+00   0.000000e+00   0.000000e+00   1.274000e+00   0.000000e+00   0.000000e+00   0.000000e+00
 0.000000e+00   0.000000e+00   0.000000e+00   0.000000e+00   0.000000e+00   0.000000e+00   1.274000e+00   0.000000e+00   0.000000e+00
 0.000000e+00   0.000000e+00   0.000000e+00   0.000000e+00   0.000000e+00   0.000000e+00   0.000000e+00   1.274000e+00   0.000000e+00
 0.000000e+00   0.000000e+00   0.000000e+00   0.000000e+00   0.000000e+00   0.000000e+00   0.000000e+00   0.000000e+00   1.274000e+00

# timestamp: 1763595082.4655018
 1.289648e+01   0.000000e+00   0.000000e+00   3.806280e+00   0.000000e+00   0.000000e+00   0.000000e+00   0.000000e+00   0.000000e+00
 0.000000e+00   1.289648e+01   0.000000e+00   0.000000e+00   3.806280e+00   0.000000e+00   0.000000e+00   0.000000e+00   0.000000e+00
 0.000000e+00   0.000000e+00   1.289648e+01   0.000000e+00   0.000000e+00   3.806280e+00   0.000000e+00   0.000000e+00   0.000000e+00
 3.806280e+00   0.000000e+00   0.000000e+00   1.327000e+00   0.000000e+00   0.000000e+00   0.000000e+00   0.000000e+00   0.000000e+00
 0.000000e+00   3.806280e+00   0.000000e+00   0.000000e+00   1.327000e+00   0.000000e+00   0.000000e+00   0.000000e+00   0.000000e+00
 0.000000e+00   0.000000e+00   3.806280e+00   0.000000e+00   0.000000e+00   1.327000e+00   0.000000e+00   0.000000e+00   0.000000e+00
 0.000000e+00   0.000000e+00   0.000000e+00   0.000000e+00   0.000000e+00   0.000000e+00   1.327000e+00   0.000000e+00   0.000000e+00
 0.000000e+00   0.000000e+00   0.000000e+00   0.000000e+00   0.000000e+00   0.000000e+00   0.000000e+00   1.327000e+00   0.000000e+00
 0.000000e+00   0.000000e+00   0.000000e+00   0.000000e+00   0.000000e+00   0.000000e+00   0.000000e+00   0.000000e+00   1.327000e+00

# timestamp: 1763595083.027374
 1.758727e+01   0.000000e+00   0.000000e+00   4.565360e+00   0.000000e+00   0.000000e+00   0.000000e+00   0.000000e+00   0.000000e+00
 0.000000e+00   1.758727e+01   0.000000e+00   0.000000e+00   4.565360e+00   0.000000e+00   0.000000e+00   0.000000e+00   0.000000e+00
 0.000000e+00   0.000000e+00   1.758727e+01   0.000000e+00   0.000000e+00   4.565360e+00   0.000000e+00   0.000000e+00   0.000000e+00
 4.565360e+00   0.000000e+00   0.000000e+00   1.383000e+00   0.000000e+00   0.000000e+00   0.000000e+00   0.000000e+00   0.000000e+00
 0.000000e+00   4.565360e+00   0.000000e+00   0.000000e+00   1.383000e+00   0.000000e+00   0.000000e+00   0.000000e+00   0.000000e+00
 0.000000e+00   0.000000e+00   4.565360e+00   0.000000e+00   0.000000e+00   1.383000e+00   0.000000e+00   0.000000e+00   0.000000e+00
 0.000000e+00   0.000000e+00   0.000000e+00   0.000000e+00   0.000000e+00   0.000000e+00   1.383000e+00   0.000000e+00   0.000000e+00
 0.000000e+00   0.000000e+00   0.000000e+00   0.000000e+00   0.000000e+00   0.000000e+00   0.000000e+00   1.383000e+00   0.000000e+00
 0.000000e+00   0.000000e+00   0.000000e+00   0.000000e+00   0.000000e+00   0.000000e+00   0.000000e+00   0.000000e+00   1.383000e+00

# timestamp: 1763595083.508609
 2.240232e+01   0.000000e+00   0.000000e+00   5.255280e+00   0.000000e+00   0.000000e+00   0.000000e+00   0.000000e+00   0.000000e+00
 0.000000e+00   2.240232e+01   0.000000e+00   0.000000e+00   5.255280e+00   0.000000e+00   0.000000e+00   0.000000e+00   0.000000e+00
 0.000000e+00   0.000000e+00   2.240232e+01   0.000000e+00   0.000000e+00   5.255280e+00   0.000000e+00   0.000000e+00   0.000000e+00
 5.255280e+00   0.000000e+00   0.000000e+00   1.432000e+00   0.000000e+00   0.000000e+00   0.000000e+00   0.000000e+00   0.000000e+00
 0.000000e+00   5.255280e+00   0.000000e+00   0.000000e+00   1.432000e+00   0.000000e+00   0.000000e+00   0.000000e+00   0.000000e+00
 0.000000e+00   0.000000e+00   5.255280e+00   0.000000e+00   0.000000e+00   1.432000e+00   0.000000e+00   0.000000e+00   0.000000e+00
 0.000000e+00   0.000000e+00   0.000000e+00   0.000000e+00   0.000000e+00   0.000000e+00   1.432000e+00   0.000000e+00   0.000000e+00
 0.000000e+00   0.000000e+00   0.000000e+00   0.000000e+00   0.000000e+00   0.000000e+00   0.000000e+00   1.432000e+00   0.000000e+00
 0.000000e+00   0.000000e+00   0.000000e+00   0.000000e+00   0.000000e+00   0.000000e+00   0.000000e+00   0.000000e+00   1.432000e+00

# timestamp: 1763595084.207616
 2.928577e-02  -1.174404e-02   1.406679e-03   2.436551e-02  -1.253115e-03   2.608347e-04  -9.028730e-03   5.266759e-03   1.723207e-01
-1.174404e-02   1.668898e-02   2.297316e-03  -8.296747e-04   2.376946e-02   6.914857e-05  -1.584729e-02   9.244253e-03  -1.030525e-01
 1.406679e-03   2.297316e-03   2.727332e-02   4.342182e-03   7.482703e-03   2.267356e-02  -1.215112e-01   7.088155e-02   5.995526e-04
 2.436551e-02  -8.296747e-04   4.342182e-03   1.162652e-01   1.008774e-03   2.744027e-04  -2.926022e-02   1.706846e-02   2.075061e-02
-1.253115e-03   2.376946e-02   7.482703e-03   1.008774e-03   1.175741e-01   4.246235e-04  -5.057330e-02   2.950109e-02  -1.600594e-02
 2.608347e-04   6.914857e-05   2.267356e-02   2.744027e-04   4.246235e-04   1.153292e-01  -7.066542e-03   4.122149e-03   1.423374e-03
-9.028730e-03  -1.584729e-02  -1.215112e-01  -2.926022e-02  -5.057330e-02  -7.066542e-03   1.205971e+00   1.721003e-01   2.217653e-04
 5.266759e-03   9.244253e-03   7.088155e-02   1.706846e-02   2.950109e-02   4.122149e-03   1.721003e-01   1.400608e+00  -1.293631e-04
 1.723207e-01  -1.030525e-01   5.995526e-04   2.075061e-02  -1.600594e-02   1.423374e-03   2.217653e-04  -1.293631e-04   1.497155e+00

# timestamp: 1763595084.736751
 2.581701e-02  -1.207794e-02  -1.445936e-04   1.114010e-02  -1.080057e-03  -2.623366e-04  -3.927996e-04   2.291331e-04   1.759167e-01
-1.207794e-02   1.309843e-02   5.802817e-04  -7.271618e-04   1.058246e-02   1.218796e-04  -3.910191e-03   2.280945e-03  -1.061915e-01
-1.445936e-04   5.802817e-04   9.200951e-03   4.329605e-04   7.535216e-04   9.651989e-03  -2.937190e-02   1.713361e-02  -3.189763e-03
 1.114010e-02  -7.271618e-04   4.329605e-04   5.789284e-02  -6.751214e-04  -1.017761e-04  -3.744630e-03   2.184367e-03   1.148924e-02
-1.080057e-03   1.058246e-02   7.535216e-04  -6.751214e-04   5.720080e-02  -1.292991e-04  -6.247000e-03   3.644084e-03  -1.001974e-02
-2.623366e-04   1.218796e-04   9.651989e-03  -1.017761e-04  -1.292991e-04   5.810634e-02   1.666356e-03  -9.720410e-04  -2.169200e-03
-3.927996e-04  -3.910191e-03  -2.937190e-02  -3.744630e-03  -6.247000e-03   1.666356e-03   6.477374e-01   5.292365e-01   1.271470e-02
 2.291331e-04   2.280945e-03   1.713361e-02   2.184367e-03   3.644084e-03  -9.720410e-04   5.292365e-01   1.246279e+00  -7.416906e-03
 1.759167e-01  -1.061915e-01  -3.189763e-03   1.148924e-02  -1.001974e-02  -2.169200e-03   1.271470e-02  -7.416906e-03   1.548286e+00

# timestamp: 1763595085.163041
 2.851206e-02  -1.200981e-02  -9.975932e-04   1.477525e-02  -8.506564e-04  -5.383310e-04   4.269594e-03  -2.490597e-03   1.782922e-01
-1.200981e-02   1.525835e-02  -5.402095e-04  -6.288996e-04   1.425175e-02  -6.831536e-05   5.221807e-03  -3.046054e-03  -1.051725e-01
-9.975932e-04  -5.402095e-04   1.365589e-02  -6.953495e-04  -1.254692e-03   1.536982e-02  -3.840635e-02   2.240370e-02  -4.902541e-03
 1.477525e-02  -6.288996e-04  -6.953495e-04   6.209282e-02  -5.274386e-04  -2.601657e-04   4.611997e-03  -2.690332e-03   1.046951e-02
-8.506564e-04   1.425175e-02  -1.254692e-03  -5.274386e-04   6.160758e-02  -4.251263e-04   8.672768e-03  -5.059115e-03  -8.137911e-03
-5.383310e-04  -6.831536e-05   1.536982e-02  -2.601657e-04  -4.251263e-04   6.248662e-02  -1.235021e-02   7.204292e-03  -3.374381e-03
 4.269594e-03   5.221807e-03  -3.840635e-02   4.611997e-03   8.672768e-03  -1.235021e-02   6.757574e-01   5.373915e-01   1.117450e-02
-2.490597e-03  -3.046054e-03   2.240370e-02  -2.690332e-03  -5.059115e-03   7.204292e-03   5.373915e-01   1.283522e+00  -6.518459e-03
 1.782922e-01  -1.051725e-01  -4.902541e-03   1.046951e-02  -8.137911e-03  -3.374381e-03   1.117450e-02  -6.518459e-03   1.564797e+00

# timestamp: 1763595085.4375596
 2.433992e-02  -1.176809e-02  -1.294768e-03   1.004344e-02  -2.127281e-03  -4.684220e-04   6.438547e-03  -3.755819e-03   1.654330e-01
-1.176809e-02   1.406747e-02  -1.185041e-03   2.431310e-04   1.183852e-02  -3.227504e-04   9.269339e-03  -5.407114e-03  -1.081225e-01
-1.294768e-03  -1.185041e-03   1.239387e-02  -9.815720e-04  -1.503540e-03   1.202391e-02  -4.289246e-02   2.502060e-02  -4.023011e-03
 1.004344e-02   2.431310e-04  -9.815720e-04   5.596804e-02  -3.726850e-04  -3.236113e-04   6.567920e-03  -3.831286e-03  -1.457944e-04
-2.127281e-03   1.183852e-02  -1.503540e-03  -3.726850e-04   5.582259e-02  -4.718468e-04   1.028950e-02  -6.002211e-03  -2.127847e-02
-4.684220e-04  -3.227504e-04   1.202391e-02  -3.236113e-04  -4.718468e-04   5.630357e-02  -1.401727e-02   8.176742e-03  -1.839473e-03
 6.438547e-03   9.269339e-03  -4.289246e-02   6.567920e-03   1.028950e-02  -1.401727e-02   7.018533e-01   5.379189e-01   7.168560e-03
-3.755819e-03  -5.407114e-03   2.502060e-02  -3.831286e-03  -6.002211e-03   8.176742e-03   5.379189e-01   1.310214e+00  -4.181660e-03
 1.654330e-01  -1.081225e-01  -4.023011e-03  -1.457944e-04  -2.127847e-02  -1.839473e-03   7.168560e-03  -4.181660e-03   1.502088e+00

# timestamp: 1763595085.7087111
 5.915479e-03  -5.379399e-05  -2.361623e-05   1.009186e-02  -4.342281e-07   1.237890e-05   3.040761e-05  -1.773777e-05   1.102397e-04
-5.379399e-05   5.886468e-03  -3.160612e-05   2.578655e-05   1.013920e-02   3.064254e-05   2.937907e-05  -1.713779e-05  -1.361920e-04
-2.361623e-05  -3.160612e-05   5.988674e-03  -1.055666e-05  -4.096472e-06   1.011680e-02  -1.774550e-04   1.035154e-04  -1.931996e-06
 1.009186e-02   2.578655e-05  -1.055666e-05   5.631685e-02  -6.043667e-04  -4.005482e-05   3.065781e-05  -1.788372e-05  -1.009081e-04
-4.342281e-07   1.013920e-02  -4.096472e-06  -6.043667e-04   5.562938e-02  -4.184154e-05   9.136887e-06  -5.329851e-06  -6.451527e-05
 1.237890e-05   3.064254e-05   1.011680e-02  -4.005482e-05  -4.184154e-05   5.613426e-02  -5.143900e-05   3.000608e-05   1.999029e-08
 3.040761e-05   2.937907e-05  -1.774550e-04   3.065781e-05   9.136887e-06  -5.143900e-05   1.594885e-03   2.080666e-06  -1.793955e-08
-1.773777e-05  -1.713779e-05   1.035154e-04  -1.788372e-05  -5.329851e-06   3.000608e-05   2.080666e-06   1.597238e-03   1.046474e-08
 1.102397e-04  -1.361920e-04  -1.931996e-06  -1.009081e-04  -6.451527e-05   1.999029e-08  -1.793955e-08   1.046474e-08   1.595508e-03

# timestamp: 1763595086.145309
 6.455642e-03  -1.153820e-05  -1.954253e-07   1.045286e-02  -4.326999e-05   1.225526e-06  -9.704926e-07   5.661207e-07   2.899206e-05
-1.153820e-05   6.442762e-03   1.894580e-07  -3.928268e-05   1.040048e-02   1.876486e-06  -1.982570e-06   1.156499e-06  -1.632456e-05
-1.954253e-07   1.894580e-07   6.456201e-03  -2.481121e-06  -3.878253e-06   1.043691e-02  -2.863008e-05   1.670088e-05   1.439420e-07
 1.045286e-02  -3.928268e-05  -2.481121e-06   5.547434e-02  -2.972429e-04  -4.613830e-05  -1.452102e-06   8.470595e-07   4.365785e-05
-4.326999e-05   1.040048e-02  -3.878253e-06  -2.972429e-04   5.513484e-02  -7.378431e-05  -2.963031e-06   1.728435e-06  -2.458121e-05
 1.225526e-06   1.876486e-06   1.043691e-02  -4.613830e-05  -7.378431e-05   5.548369e-02  -4.298608e-05   2.507522e-05   2.199086e-07
-9.704926e-07  -1.982570e-06  -2.863008e-05  -1.452102e-06  -2.963031e-06  -4.298608e-05   2.078802e-03   6.046698e-08   9.333402e-12
 5.661207e-07   1.156499e-06   1.670088e-05   8.470595e-07   1.728435e-06   2.507522e-05   6.046698e-08   2.078870e-03  -5.444484e-12
 2.899206e-05  -1.632456e-05   1.439420e-07   4.365785e-05  -2.458121e-05   2.199086e-07   9.333402e-12  -5.444484e-12   2.078767e-03

# timestamp: 1763595086.5614502
 7.515622e-03  -1.029566e-05  -4.879967e-07   1.217800e-02  -2.513415e-05  -3.055153e-06  -1.089013e-06   6.352576e-07   3.250507e-05
-1.029566e-05   7.503502e-03  -7.135657e-07  -2.441081e-05   1.214998e-02  -4.848688e-06  -2.221608e-06   1.295938e-06  -1.829952e-05
-4.879967e-07  -7.135657e-07   7.517938e-03  -3.727588e-06  -5.893153e-06   1.218360e-02  -3.210930e-05   1.873042e-05   1.627354e-07
 1.217800e-02  -2.441081e-05  -3.727588e-06   5.817970e-02  -7.994652e-05  -1.684679e-05  -1.576872e-06   9.198422e-07   4.751988e-05
-2.513415e-05   1.214998e-02  -5.893153e-06  -7.994652e-05   5.809562e-02  -2.621132e-05  -3.222747e-06   1.879936e-06  -2.675769e-05
-3.055153e-06  -4.848688e-06   1.218360e-02  -1.684679e-05  -2.621132e-05   5.821033e-02  -4.692519e-05   2.737303e-05   2.372005e-07
-1.089013e-06  -2.221608e-06  -3.210930e-05  -1.576872e-06  -3.222747e-06  -4.692519e-05   4.084324e-03   5.977894e-08   1.932877e-12
 6.352576e-07   1.295938e-06   1.873042e-05   9.198422e-07   1.879936e-06   2.737303e-05   5.977894e-08   4.084392e-03  -1.127512e-12
 3.250507e-05  -1.829952e-05   1.627354e-07   4.751988e-05  -2.675769e-05   2.372005e-07   1.932877e-12  -1.127512e-12   4.084290e-03

# timestamp: 1763595087.0764008
 6.794041e-03  -6.969065e-06   3.489618e-07   1.043209e-02  -8.794385e-06   1.792017e-07  -8.849365e-07   5.162129e-07   2.630568e-05
-6.969065e-06   6.785738e-03   6.603158e-07  -8.707183e-06   1.042194e-02   4.312023e-07  -1.803956e-06   1.052308e-06  -1.480901e-05
 3.489618e-07   6.603158e-07   6.797707e-03   9.802539e-08   3.051313e-07   1.043711e-02  -2.599704e-05   1.516494e-05   1.319353e-07
 1.043209e-02  -8.707183e-06   9.802539e-08   5.581912e-02  -1.509484e-05  -2.965109e-07  -1.255222e-06   7.322131e-07   3.734641e-05
-8.794385e-06   1.042194e-02   3.051313e-07  -1.509484e-05   5.580235e-02  -1.110242e-07  -2.559401e-06   1.492984e-06  -2.102526e-05
 1.792017e-07   4.312023e-07   1.043711e-02  -2.965109e-07  -1.110242e-07   5.582891e-02  -3.690992e-05   2.153079e-05   1.872030e-07
-8.849365e-07  -1.803956e-06  -2.599704e-05  -1.255222e-06  -2.559401e-06  -3.690992e-05   1.078827e-03   4.210942e-08   4.442308e-13
 5.162129e-07   1.052308e-06   1.516494e-05   7.322131e-07   1.492984e-06   2.153079e-05   4.210942e-08   1.078875e-03  -2.591346e-13
 2.630568e-05  -1.480901e-05   1.319353e-07   3.734641e-05  -2.102526e-05   1.872030e-07   4.442308e-13  -2.591346e-13   1.078803e-03

# timestamp: 1763595087.4775176
 7.969225e-03  -5.731867e-06   4.622169e-07   1.296857e-02  -6.670374e-06   5.374610e-07  -5.442128e-07   3.174575e-07   1.616337e-05
-5.731867e-06   7.962116e-03   8.449411e-07  -6.653680e-06   1.296048e-02   9.807193e-07  -1.109251e-06   6.470628e-07  -9.097549e-06
 4.622169e-07   8.449411e-07   7.972363e-03   5.220323e-07   9.567775e-07   1.297233e-02  -1.597365e-05   9.317960e-06   8.104781e-08
 1.296857e-02  -6.653680e-06   5.220323e-07   5.993605e-02  -1.150812e-05   9.113680e-07  -7.853780e-07   4.581372e-07   2.332545e-05
-6.670374e-06   1.296048e-02   9.567775e-07  -1.150812e-05   5.992222e-02   1.672398e-06  -1.600790e-06   9.337941e-07  -1.312960e-05
 5.374610e-07   9.807193e-07   1.297233e-02   9.113680e-07   1.672398e-06   5.994250e-02  -2.305220e-05   1.344711e-05   1.169945e-07
-5.442128e-07  -1.109251e-06  -1.597365e-05  -7.853780e-07  -1.600790e-06  -2.305220e-05   3.063391e-03   1.369954e-08   3.519068e-14
 3.174575e-07   6.470628e-07   9.317960e-06   4.581372e-07   9.337941e-07   1.344711e-05   1.369954e-08   3.063406e-03  -2.052790e-14
 1.616337e-05  -9.097549e-06   8.104781e-08   2.332545e-05  -1.312960e-05   1.169945e-07   3.519068e-14  -2.052790e-14   3.063383e-03

# timestamp: 1763595088.1790442
 5.098673e-03  -2.941922e-06   2.583653e-07   9.240405e-03  -4.315156e-06   3.776354e-07  -3.453772e-07   2.014700e-07   1.047890e-05
-2.941922e-06   5.095213e-03   4.516756e-07  -4.312013e-06   9.235316e-03   6.612480e-07  -7.057823e-07   4.117063e-07  -5.893842e-06
 2.583653e-07   4.516756e-07   5.100315e-03   3.773531e-07   6.608413e-07   9.242805e-03  -1.035504e-05   6.040438e-06   5.216652e-08
 9.240405e-03  -4.312013e-06   3.773531e-07   5.471876e-02  -1.003440e-05   8.705460e-07  -5.728590e-07   3.341677e-07   1.735893e-05
-4.315156e-06   9.235316e-03   6.608413e-07  -1.003440e-05   5.470671e-02   1.539863e-06  -1.169821e-06   6.823955e-07  -9.775058e-06
 3.776354e-07   6.612480e-07   9.242805e-03   8.705460e-07   1.539863e-06   5.472428e-02  -1.715864e-05   1.000921e-05   8.683309e-08
-3.453772e-07  -7.057823e-07  -1.035504e-05  -5.728590e-07  -1.169821e-06  -1.715864e-05   2.075076e-03   5.313212e-08   9.177606e-14
 2.014700e-07   4.117063e-07   6.040438e-06   3.341677e-07   6.823955e-07   1.000921e-05   5.313212e-08   2.075137e-03  -5.353604e-14
 1.047890e-05  -5.893842e-06   5.216652e-08   1.735893e-05  -9.775058e-06   8.683309e-08   9.177606e-14  -5.353604e-14   2.075045e-03

# timestamp: 1763595088.6560817
 5.117638e-03  -3.036550e-06   2.657264e-07   9.311699e-03  -4.377101e-06   3.821963e-07   2.473773e-07  -1.443034e-07  -7.730383e-06
-3.036550e-06   5.113985e-03   4.699987e-07  -4.379120e-06   9.306432e-03   6.759301e-07   4.986120e-07  -2.908570e-07   4.441738e-06
 2.657264e-07   4.699987e-07   5.119313e-03   3.828691e-07   6.773894e-07   9.314115e-03   7.680931e-06  -4.480543e-06  -3.956262e-08
 9.311699e-03  -4.379120e-06   3.828691e-07   5.372390e-02  -8.163761e-06   7.126861e-07   4.529800e-07  -2.642384e-07  -1.407660e-05
-4.377101e-06   9.306432e-03   6.773894e-07  -8.163761e-06   5.371410e-02   1.259504e-06   9.142225e-07  -5.332965e-07   8.070110e-06
 3.821963e-07   6.759301e-07   9.314115e-03   7.126861e-07   1.259504e-06   5.372841e-02   1.397834e-05  -8.154030e-06  -7.189288e-08
 2.473773e-07   4.986120e-07   7.680931e-06   4.529800e-07   9.142225e-07   1.397834e-05   2.173264e-03   1.121993e-07  -3.346454e-13
-1.443034e-07  -2.908570e-07  -4.480543e-06  -2.642384e-07  -5.332965e-07  -8.154030e-06   1.121993e-07   2.173391e-03   1.952098e-13
-7.730383e-06   4.441738e-06  -3.956262e-08  -1.407660e-05   8.070110e-06  -7.189288e-08  -3.346454e-13   1.952098e-13   2.173198e-03

# timestamp: 1763595089.2085953
 4.863139e-03  -1.120943e-06   9.869368e-08   8.678870e-03  -1.411000e-06   1.242266e-07   1.037690e-07  -6.053194e-08  -3.569217e-06
-1.120943e-06   4.861786e-03   1.748947e-07  -1.411172e-06   8.677164e-03   2.202109e-07   2.154189e-07  -1.256610e-07   2.023130e-06
 9.869368e-08   1.748947e-07   4.863757e-03   1.243715e-07   2.204788e-07   8.679646e-03   3.535934e-06  -2.062628e-06  -1.859080e-08
 8.678870e-03  -1.411172e-06   1.243715e-07   5.211747e-02  -3.468900e-06   3.053565e-07   1.878782e-07  -1.095956e-07  -6.345273e-06
-1.411000e-06   8.677164e-03   2.204788e-07  -3.468900e-06   5.211329e-02   5.405838e-07   3.890572e-07  -2.269500e-07   3.594226e-06
 1.242266e-07   2.202109e-07   8.679646e-03   3.053565e-07   5.405838e-07   5.211938e-02   6.284530e-06  -3.665976e-06  -3.292451e-08
 1.037690e-07   2.154189e-07   3.535934e-06   1.878782e-07   3.890572e-07   6.284530e-06   4.075027e-03   2.263970e-07  -6.808896e-14
-6.053194e-08  -1.256610e-07  -2.062628e-06  -1.095956e-07  -2.269500e-07  -3.665976e-06   2.263970e-07   4.075283e-03   3.971856e-14
-3.569217e-06   2.023130e-06  -1.859080e-08  -6.345273e-06   3.594226e-06  -3.292451e-08  -6.808896e-14   3.971856e-14   4.074895e-03

# timestamp: 1763595089.4975004
 3.890266e-03  -1.710499e-06   1.531964e-07   7.481894e-03  -2.526523e-06   2.267679e-07  -3.002298e-07   1.751341e-07   9.306125e-06
-1.710499e-06   3.888222e-03   2.699715e-07  -2.526803e-06   7.478880e-03   3.995106e-07  -6.615027e-07   3.858766e-07  -5.293005e-06
 1.531964e-07   2.699715e-07   3.891212e-03   2.269441e-07   3.994751e-07   7.483293e-03  -9.219329e-06   5.377942e-06   7.672367e-08
 7.481894e-03  -2.526803e-06   2.269441e-07   5.045108e-02  -5.122519e-06   4.585270e-07  -5.542437e-07   3.233088e-07   1.717047e-05
-2.526523e-06   7.478880e-03   3.994751e-07  -5.122519e-06   5.044496e-02   8.079069e-07  -1.219978e-06   7.116536e-07  -9.764286e-06
 2.267679e-07   3.995106e-07   7.483293e-03   4.585270e-07   8.079069e-07   5.045392e-02  -1.700963e-05   9.922285e-06   1.408335e-07
-3.002298e-07  -6.615027e-07  -9.219329e-06  -5.542437e-07  -1.219978e-06  -1.700963e-05   1.069795e-03   7.656280e-08   5.846716e-15
 1.751341e-07   3.858766e-07   5.377942e-06   3.233088e-07   7.116536e-07   9.922285e-06   7.656280e-08   1.069882e-03  -3.410584e-15
 9.306125e-06  -5.293005e-06   7.672367e-08   1.717047e-05  -9.764286e-06   1.408335e-07   5.846716e-15  -3.410584e-15   1.069750e-03

# timestamp: 1763595089.778068
 3.763429e-03  -7.567838e-08   6.781327e-09   7.320637e-03   3.027747e-08  -2.795628e-09   3.855622e-08  -2.249113e-08  -2.571345e-08
-7.567838e-08   3.763339e-03   1.194641e-08   3.022993e-08   7.320672e-03  -4.879439e-09   7.273300e-08  -4.242759e-08  -4.540904e-08
 6.781327e-09   1.194641e-08   3.763471e-03  -2.766612e-09  -4.885403e-09   7.320620e-03  -6.319295e-09   3.686255e-09   1.055866e-09
 7.320637e-03   3.022993e-08  -2.766612e-09   4.972672e-02  -9.048698e-07   7.983460e-08   6.767442e-08  -3.947674e-08  -4.536889e-08
 3.027747e-08   7.320672e-03  -4.885403e-09  -9.048698e-07   4.972563e-02   1.411757e-07   1.276847e-07  -7.448275e-08  -7.962650e-08
-2.795628e-09  -4.879439e-09   7.320620e-03   7.983460e-08   1.411757e-07   4.972722e-02  -1.088263e-08   6.348203e-09   1.844205e-09
 3.855622e-08   7.273300e-08  -6.319295e-09   6.767442e-08   1.276847e-07  -1.088263e-08   2.163592e-03   1.820914e-07  -1.301895e-12
-2.249113e-08  -4.242759e-08   3.686255e-09  -3.947674e-08  -7.448275e-08   6.348203e-09   1.820914e-07   2.163798e-03   7.594386e-13
-2.571345e-08  -4.540904e-08   1.055866e-09  -4.536889e-08  -7.962650e-08   1.844205e-09  -1.301895e-12   7.594386e-13   2.163486e-03

# timestamp: 1763595090.0585332
 3.681107e-03  -8.169604e-09   7.205557e-10   7.195029e-03  -5.709528e-08   5.037589e-09   8.115065e-09  -4.733788e-09  -1.963839e-08
-8.169604e-09   3.681097e-03   1.274313e-09  -5.710371e-08   7.194960e-03   8.913747e-09   1.919279e-08  -1.119579e-08  -3.453350e-08
 7.205557e-10   1.274313e-09   3.681112e-03   5.042736e-09   8.912691e-09   7.195060e-03  -1.633677e-09   9.529784e-10   2.683414e-10
 7.195029e-03  -5.710371e-08   5.042736e-09   4.930860e-02  -6.585295e-07   5.853041e-08   1.432077e-08  -8.353781e-09  -3.461783e-08
-5.709528e-08   7.194960e-03   8.912691e-09  -6.585295e-07   4.930781e-02   1.033419e-07   3.385942e-08  -1.975133e-08  -6.087423e-08
 5.037589e-09   8.913747e-09   7.195060e-03   5.853041e-08   1.033419e-07   4.930896e-02  -2.882237e-09   1.681305e-09   4.733848e-10
 8.115065e-09   1.919279e-08  -1.633677e-09   1.432077e-08   3.385942e-08  -2.882237e-09   2.074320e-03   1.866201e-07  -2.553508e-13
-4.733788e-09  -1.119579e-08   9.529784e-10  -8.353781e-09  -1.975133e-08   1.681305e-09   1.866201e-07   2.074531e-03   1.489546e-13
-1.963839e-08  -3.453350e-08   2.683414e-10  -3.461783e-08  -6.087423e-08   4.733848e-10  -2.553508e-13   1.489546e-13   2.074211e-03

# timestamp: 1763595090.3392394
 3.675786e-03  -8.804390e-07   7.754661e-08   7.132507e-03  -1.346044e-06   1.182657e-07   4.016586e-07  -2.343009e-07  -1.278464e-05
-8.804390e-07   3.674737e-03   1.364642e-07  -1.346112e-06   7.130903e-03   2.081153e-07   8.504678e-07  -4.961062e-07   7.274531e-06
 7.754661e-08   1.364642e-07   3.676275e-03   1.182930e-07   2.081731e-07   7.133254e-03   1.267102e-05  -7.391426e-06  -8.303624e-08
 7.132507e-03  -1.346112e-06   1.182930e-07   4.893263e-02  -2.340848e-06   2.055404e-07   7.445336e-07  -4.343113e-07  -2.366963e-05
-1.346044e-06   7.130903e-03   2.081731e-07  -2.340848e-06   4.892984e-02   3.617567e-07   1.576252e-06  -9.194801e-07   1.346680e-05
 1.182657e-07   2.081153e-07   7.133254e-03   2.055404e-07   3.617567e-07   4.893393e-02   2.345855e-05  -1.368416e-05  -1.537041e-07
 4.016586e-07   8.504678e-07   1.267102e-05   7.445336e-07   1.576252e-06   2.345855e-05   3.068177e-03   5.085627e-07  -1.371488e-13
-2.343009e-07  -4.961062e-07  -7.391426e-06  -4.343113e-07  -9.194801e-07  -1.368416e-05   5.085627e-07   3.068752e-03   8.000349e-14
-1.278464e-05   7.274531e-06  -8.303624e-08  -2.366963e-05   1.346680e-05  -1.537041e-07  -1.371488e-13   8.000349e-14   3.067880e-03

# timestamp: 1763595090.6277254
 3.746648e-03  -1.512747e-06   1.315850e-07   7.288322e-03  -2.184093e-06   1.886514e-07   1.566977e-07  -9.140697e-08  -5.616249e-06
-1.512747e-06   3.744847e-03   2.314854e-07  -2.184412e-06   7.285722e-03   3.317708e-07   3.386285e-07  -1.975333e-07   3.215473e-06
 1.315850e-07   2.314854e-07   3.747488e-03   1.889940e-07   3.323799e-07   7.289535e-03   5.577793e-06  -3.253713e-06  -3.759159e-08
 7.288322e-03  -2.184412e-06   1.889940e-07   4.924041e-02  -3.813749e-06   3.290236e-07   3.083589e-07  -1.798761e-07  -1.092102e-05
-2.184093e-06   7.285722e-03   3.323799e-07  -3.813749e-06   4.923587e-02   5.785574e-07   6.651760e-07  -3.880193e-07   6.248440e-06
 1.886514e-07   3.317708e-07   7.289535e-03   3.290236e-07   5.785574e-07   4.924253e-02   1.084389e-05  -6.325600e-06  -7.298460e-08
 1.566977e-07   3.386285e-07   5.577793e-06   3.083589e-07   6.651760e-07   1.084389e-05   1.074427e-03   1.229950e-07  -2.590443e-13
-9.140697e-08  -1.975333e-07  -3.253713e-06  -1.798761e-07  -3.880193e-07  -6.325600e-06   1.229950e-07   1.074566e-03   1.511092e-13
-5.616249e-06   3.215473e-06  -3.759159e-08  -1.092102e-05   6.248440e-06  -7.298460e-08  -2.590443e-13   1.511092e-13   1.074355e-03

# timestamp: 1763595090.9144826
 4.028179e-03  -2.239322e-06   1.957303e-07   7.877276e-03  -3.450777e-06   3.012368e-07  -5.070436e-07   2.957754e-07   1.582102e-05
-2.239322e-06   4.025511e-03   3.444337e-07  -3.450900e-06   7.873165e-03   5.300736e-07  -1.070890e-06   6.246857e-07  -8.984380e-06
 1.957303e-07   3.444337e-07   4.029422e-03   3.013421e-07   5.302786e-07   7.879191e-03  -1.567116e-05   9.141511e-06   1.020569e-07
 7.877276e-03  -3.450900e-06   3.013421e-07   5.045696e-02  -6.421715e-06   5.610170e-07  -9.450777e-07   5.512953e-07   2.948135e-05
-3.450777e-06   7.873165e-03   5.302786e-07  -6.421715e-06   5.044931e-02   9.872523e-07  -1.996000e-06   1.164333e-06  -1.674139e-05
 3.012368e-07   5.300736e-07   7.879191e-03   5.610170e-07   9.872523e-07   5.046053e-02  -2.920191e-05   1.703445e-05   1.901819e-07
-5.070436e-07  -1.070890e-06  -1.567116e-05  -9.450777e-07  -1.996000e-06  -2.920191e-05   1.938813e-03   1.122440e-07  -3.952016e-15
 2.957754e-07   6.246857e-07   9.141511e-06   5.512953e-07   1.164333e-06   1.703445e-05   1.122440e-07   1.938940e-03   2.305343e-15
 1.582102e-05  -8.984380e-06   1.020569e-07   2.948135e-05  -1.674139e-05   1.901819e-07  -3.952016e-15   2.305343e-15   1.938747e-03

# timestamp: 1763595091.1929808
 3.597294e-03  -3.641743e-07   3.187103e-08   6.902194e-03  -1.744602e-07   1.527483e-08   4.551249e-09  -2.654895e-09   5.916621e-08
-3.641743e-07   3.596860e-03   5.612209e-08  -1.744803e-07   6.901986e-03   2.691669e-08   8.398365e-09  -4.899046e-09  -4.637462e-08
 3.187103e-08   5.612209e-08   3.597496e-03   1.529973e-08   2.695515e-08   6.902291e-03  -6.513044e-08   3.799276e-08   6.201053e-10
 6.902194e-03  -1.744803e-07   1.529973e-08   4.839379e-02  -9.826371e-07   8.641096e-08   9.517022e-09  -5.551596e-09   5.998431e-08
-1.744602e-07   6.901986e-03   2.695515e-08  -9.826371e-07   4.839261e-02   1.521211e-07   1.794908e-08  -1.047030e-08  -5.674425e-08
 1.527483e-08   2.691669e-08   6.902291e-03   8.641096e-08   1.521211e-07   4.839433e-02  -7.099850e-08   4.141579e-08   8.092649e-10
 4.551249e-09   8.398365e-09  -6.513044e-08   9.517022e-09   1.794908e-08  -7.099850e-08   2.069275e-03   2.514884e-07  -4.920234e-14
-2.654895e-09  -4.899046e-09   3.799276e-08  -5.551596e-09  -1.047030e-08   4.141579e-08   2.514884e-07   2.069559e-03   2.870136e-14
 5.916621e-08  -4.637462e-08   6.201053e-10   5.998431e-08  -5.674425e-08   8.092649e-10  -4.920234e-14   2.870136e-14   2.069128e-03

# timestamp: 1763595091.4735065
 3.570389e-03  -5.545100e-07   4.765699e-08   6.944779e-03  -9.824574e-07   8.439051e-08   3.745943e-07  -2.185133e-07  -1.221127e-05
-5.545100e-07   3.569728e-03   8.385510e-08  -9.824947e-07   6.943609e-03   1.484822e-07   7.963439e-07  -4.645339e-07   6.945777e-06
 4.765699e-08   8.385510e-08   3.570697e-03   8.444115e-08   1.485711e-07   6.945324e-03   1.210302e-05  -7.060097e-06  -7.909687e-08
 6.944779e-03  -9.824947e-07   8.444115e-08   4.868384e-02  -2.577990e-06   2.228855e-07   6.979206e-07  -4.071203e-07  -2.271985e-05
-9.824574e-07   6.943609e-03   1.485711e-07  -2.577990e-06   4.868077e-02   3.922131e-07   1.483396e-06  -8.653142e-07   1.292216e-05
 8.439051e-08   1.484822e-07   6.945324e-03   2.228855e-07   3.922131e-07   4.868527e-02   2.251791e-05  -1.313545e-05  -1.471344e-07
 3.745943e-07   7.963439e-07   1.210302e-05   6.979206e-07   1.483396e-06   2.251791e-05   3.073733e-03   5.282611e-07  -1.097525e-13
-2.185133e-07  -4.645339e-07  -7.060097e-06  -4.071203e-07  -8.653142e-07  -1.313545e-05   5.282611e-07   3.074330e-03   6.402228e-14
-1.221127e-05   6.945777e-06  -7.909687e-08  -2.271985e-05   1.292216e-05  -1.471344e-07  -1.097525e-13   6.402228e-14   3.073424e-03

# timestamp: 1763595091.7543123
 3.598524e-03  -7.681881e-07   6.572069e-08   7.008584e-03  -1.188113e-06   1.011222e-07  -4.681711e-08   2.730998e-08   3.273575e-06
-7.681881e-07   3.597609e-03   1.156553e-07  -1.188280e-06   7.007169e-03   1.779241e-07  -1.176423e-07   6.862468e-08  -1.902149e-06
 6.572069e-08   1.156553e-07   3.598951e-03   1.014071e-07   1.784241e-07   7.009245e-03  -3.269604e-06   1.907269e-06   2.272608e-08
 7.008584e-03  -1.188280e-06   1.014071e-07   4.875527e-02  -2.332155e-06   1.989454e-07  -1.028844e-07   6.001593e-08   6.475564e-06
-1.188113e-06   7.007169e-03   1.784241e-07  -2.332155e-06   4.875249e-02   3.500242e-07  -2.511155e-07   1.464840e-07  -3.754730e-06
 1.011222e-07   1.779241e-07   7.009245e-03   1.989454e-07   3.500242e-07   4.875657e-02  -6.462780e-06   3.769955e-06   4.466015e-08
-4.681711e-08  -1.176423e-07  -3.269604e-06  -1.028844e-07  -2.511155e-07  -6.462780e-06   2.069356e-03   2.056499e-07  -1.163634e-12
 2.730998e-08   6.862468e-08   1.907269e-06   6.001593e-08   1.464840e-07   3.769955e-06   2.056499e-07   2.069588e-03   6.787863e-13
 3.273575e-06  -1.902149e-06   2.272608e-08   6.475564e-06  -3.754730e-06   4.466015e-08  -1.163634e-12   6.787863e-13   2.069236e-03

# timestamp: 1763595092.052754
 3.995940e-03  -1.368613e-06   1.184734e-07   7.768678e-03  -1.990006e-06   1.717396e-07  -1.595642e-07   9.307909e-08   5.634157e-06
-1.368613e-06   3.994310e-03   2.084921e-07  -1.990208e-06   7.766308e-03   3.021606e-07  -3.442063e-07   2.007870e-07  -3.227552e-06
 1.184734e-07   2.084921e-07   3.996700e-03   1.719566e-07   3.025318e-07   7.769783e-03  -5.595971e-06   3.264316e-06   3.801119e-08
 7.768678e-03  -1.990208e-06   1.719566e-07   5.018356e-02  -3.512062e-06   3.028234e-07  -3.031781e-07   1.768539e-07   1.061585e-05
-1.990006e-06   7.766308e-03   3.025318e-07  -3.512062e-06   5.017938e-02   5.327232e-07  -6.532713e-07   3.810749e-07  -6.077617e-06
 1.717396e-07   3.021606e-07   7.769783e-03   3.028234e-07   5.327232e-07   5.018551e-02  -1.054191e-05   6.149448e-06   7.153805e-08
-1.595642e-07  -3.442063e-07  -5.595971e-06  -3.031781e-07  -6.532713e-07  -1.054191e-05   2.160315e-03   1.130740e-07  -2.203245e-13
 9.307909e-08   2.007870e-07   3.264316e-06   1.768539e-07   3.810749e-07   6.149448e-06   1.130740e-07   2.160443e-03   1.285226e-13
 5.634157e-06  -3.227552e-06   3.801119e-08   1.061585e-05  -6.077617e-06   7.153805e-08  -2.203245e-13   1.285226e-13   2.160249e-03

# timestamp: 1763595092.3236818
 3.452600e-03  -5.759836e-08   4.973161e-09   6.674256e-03   6.262125e-08  -5.480890e-09  -2.296135e-09   1.339412e-09   1.415306e-08
-5.759836e-08   3.452532e-03   8.749704e-09   6.258668e-08   6.674330e-03  -9.650876e-09  -7.676382e-09   4.477889e-09   2.529563e-08
 4.973161e-09   8.749704e-09   3.452632e-03  -5.443983e-09  -9.587756e-09   6.674221e-03   4.514300e-10  -2.633342e-10  -2.195594e-10
 6.674256e-03   6.258668e-08  -5.443983e-09   4.810692e-02  -4.995519e-07   4.348738e-08  -4.011904e-09   2.340277e-09   2.483128e-08
 6.262125e-08   6.674330e-03  -9.587756e-09  -4.995519e-07   4.810632e-02   7.658462e-08  -1.351882e-08   7.885978e-09   4.512803e-08
-5.480890e-09  -9.650876e-09   6.674221e-03   4.348738e-08   7.658462e-08   4.810719e-02   1.106590e-09  -6.455109e-10  -3.909092e-10
-2.296135e-09  -7.676382e-09   4.514300e-10  -4.011904e-09  -1.351882e-08   1.106590e-09   2.167955e-03   6.026413e-07  -7.276595e-14
 1.339412e-09   4.477889e-09  -2.633342e-10   2.340277e-09   7.885978e-09  -6.455109e-10   6.026413e-07   2.168636e-03   4.244681e-14
 1.415306e-08   2.529563e-08  -2.195594e-10   2.483128e-08   4.512803e-08  -3.909092e-10  -7.276595e-14   4.244681e-14   2.167603e-03

# timestamp: 1763595092.6002312
 3.713727e-03  -4.309601e-09   3.746680e-10   7.271841e-03  -3.487977e-08   3.038375e-09   2.766223e-09  -1.613630e-09   1.451330e-08
-4.309601e-09   3.713722e-03   6.596736e-10  -3.488627e-08   7.271800e-03   5.351657e-09   2.291592e-09  -1.336762e-09   2.834463e-08
 3.746680e-10   6.596736e-10   3.713729e-03   3.045316e-09   5.363528e-09   7.271861e-03  -2.417789e-10   1.410377e-10  -7.474881e-10
 7.271841e-03  -3.488627e-08   3.045316e-09   4.931579e-02  -4.850405e-07   4.216990e-08   4.901632e-09  -2.859285e-09   2.591057e-08
-3.487977e-08   7.271800e-03   5.363528e-09  -4.850405e-07   4.931521e-02   7.424710e-08   4.087235e-09  -2.384221e-09   5.058458e-08
 3.038375e-09   5.351657e-09   7.271861e-03   4.216990e-08   7.424710e-08   4.931606e-02  -4.302602e-10   2.509851e-10  -1.369292e-09
 2.766223e-09   2.291592e-09  -2.417789e-10   4.901632e-09   4.087235e-09  -4.302602e-10   2.163781e-03   1.826665e-07   3.232665e-14
-1.613630e-09  -1.336762e-09   1.410377e-10  -2.859285e-09  -2.384221e-09   2.509851e-10   1.826665e-07   2.163988e-03  -1.885721e-14
 1.451330e-08   2.834463e-08  -7.474881e-10   2.591057e-08   5.058458e-08  -1.369292e-09   3.232665e-14  -1.885721e-14   2.163675e-03

# timestamp: 1763595092.9112573
 4.026174e-03  -6.360103e-07   5.283373e-08   7.735981e-03  -1.107082e-06   9.186110e-08  -5.356356e-08   3.124541e-08   2.882139e-06
-6.360103e-07   4.025235e-03   1.046955e-07  -1.107504e-06   7.734353e-03   1.816150e-07  -1.188682e-07   6.933979e-08  -1.570754e-06
 5.283373e-08   1.046955e-07   4.026486e-03   9.204127e-08   1.819410e-07   7.736527e-03  -2.831959e-06   1.651976e-06   1.405170e-08
 7.735981e-03  -1.107504e-06   9.204127e-08   4.999643e-02  -2.008101e-06   1.669925e-07  -1.136207e-07   6.627872e-08   5.694867e-06
-1.107082e-06   7.734353e-03   1.819410e-07  -2.008101e-06   4.999351e-02   3.279081e-07  -2.511611e-07   1.465106e-07  -3.075564e-06
 9.186110e-08   1.816150e-07   7.736527e-03   1.669925e-07   3.279081e-07   4.999743e-02  -5.583404e-06   3.256986e-06   2.642370e-08
-5.356356e-08  -1.188682e-07  -2.831959e-06  -1.136207e-07  -2.511611e-07  -5.583404e-06   3.078488e-03   2.399362e-07  -2.096305e-12
 3.124541e-08   6.933979e-08   1.651976e-06   6.627872e-08   1.465106e-07   3.256986e-06   2.399362e-07   3.078760e-03   1.222844e-12
 2.882139e-06  -1.570754e-06   1.405170e-08   5.694867e-06  -3.075564e-06   2.642370e-08  -2.096305e-12   1.222844e-12   3.078348e-03

# timestamp: 1763595093.1922047
 3.861560e-03  -3.869889e-07   3.259424e-08   7.442412e-03  -2.748754e-07   2.318546e-08   2.463504e-09  -1.437044e-09   7.110476e-08
-3.869889e-07   3.860985e-03   6.483614e-08  -2.749113e-07   7.442005e-03   4.600837e-08   8.407933e-10  -4.904628e-10  -5.790827e-08
 3.259424e-08   6.483614e-08   3.861750e-03   2.321136e-08   4.603849e-08   7.442546e-03  -7.769980e-08   4.532488e-08   3.603716e-09
 7.442412e-03  -2.749113e-07   2.321136e-08   4.950649e-02  -3.044435e-07   2.574066e-08   5.902328e-09  -3.443025e-09   7.042631e-08
-2.748754e-07   7.442005e-03   4.603849e-08  -3.044435e-07   4.950605e-02   5.052645e-08   5.014687e-09  -2.925234e-09  -7.411639e-08
 2.318546e-08   4.600837e-08   7.442546e-03   2.574066e-08   5.052645e-08   4.950664e-02  -8.387746e-08   4.892852e-08   6.104472e-09
 2.463504e-09   8.407933e-10  -7.769980e-08   5.902328e-09   5.014687e-09  -8.387746e-08   3.074184e-03   2.653735e-07  -4.513177e-14
-1.437044e-09  -4.904628e-10   4.532488e-08  -3.443025e-09  -2.925234e-09   4.892852e-08   2.653735e-07   3.074484e-03   2.632687e-14
 7.110476e-08  -5.790827e-08   3.603716e-09   7.042631e-08  -7.411639e-08   6.104472e-09  -4.513177e-14   2.632687e-14   3.074029e-03

# timestamp: 1763595093.473168
 3.778053e-03  -4.437383e-07   3.746891e-08   7.328836e-03  -3.775222e-07   3.190227e-08   1.077554e-09  -6.285733e-10  -5.080979e-08
-4.437383e-07   3.777393e-03   7.456512e-08  -3.775676e-07   7.328275e-03   6.346907e-08   3.390427e-09  -1.977749e-09   1.878331e-08
