# timestamp: 1762221525.063034
 1.012063e-02  -2.577584e-08   1.830518e-08   7.327972e-04  -2.250812e-06   1.858121e-06   6.253571e-07   1.267413e-05   1.966700e-06  -1.913924e-07   9.141050e-09   2.634326e-09  -3.537714e-09  -9.271255e-09  -2.921032e-09
-2.577584e-08   1.012066e-02   2.594819e-08  -2.331226e-06   7.360478e-04   1.180812e-06  -1.361964e-05  -6.120756e-07  -1.507708e-06   9.128851e-09  -2.055845e-07   1.287208e-09   1.408119e-08   3.191898e-09   2.662988e-09
 1.830518e-08   2.594819e-08   1.012040e-02   1.867567e-07   6.589564e-07   7.283041e-04  -1.411996e-06   1.099700e-06   1.798474e-08  -2.656289e-09  -1.242118e-09  -1.869209e-07   3.243530e-09  -5.462940e-09  -3.572577e-10
 7.327972e-04  -2.331226e-06   1.867567e-07   1.081259e-02  -1.007665e-04   2.918762e-05   1.065553e-04   2.591598e-04   4.982943e-05  -4.007851e-06   1.462027e-06   1.362354e-06  -6.795318e-07  -9.155213e-08  -1.023010e-07
-2.250812e-06   7.360478e-04   6.589564e-07  -1.007665e-04   1.095580e-02   2.342281e-05  -4.124378e-04  -9.998583e-05  -5.760255e-05   1.458553e-06  -6.290763e-06   6.714205e-07   1.062614e-06   6.340981e-07   1.948252e-07
 1.858121e-06   1.180812e-06   7.283041e-04   2.918762e-05   2.342281e-05   1.072258e-02  -6.740240e-05   1.069558e-04   8.979341e-06  -1.366736e-06  -6.624228e-07  -3.295828e-06   2.875728e-07  -6.160276e-07  -5.207135e-08
 6.253571e-07  -1.361964e-05  -1.411996e-06   1.065553e-04  -4.124378e-04  -6.740240e-05   7.147177e-04  -1.598582e-21   0.000000e+00   0.000000e+00   0.000000e+00   0.000000e+00  -6.145194e-06   8.458870e-24   0.000000e+00
 1.267413e-05  -6.120756e-07   1.099700e-06   2.591598e-04  -9.998583e-05   1.069558e-04  -5.774431e-22   7.147177e-04   0.000000e+00   0.000000e+00   0.000000e+00   0.000000e+00   4.398838e-24  -6.145194e-06   0.000000e+00
 1.966700e-06  -1.507708e-06   1.798474e-08   4.982943e-05  -5.760255e-05   8.979341e-06   0.000000e+00   0.000000e+00   1.000560e-03   0.000000e+00   0.000000e+00   0.000000e+00   0.000000e+00   0.000000e+00  -7.002800e-06
-1.913924e-07   9.128851e-09  -2.656289e-09  -4.007851e-06   1.458553e-06  -1.366736e-06   0.000000e+00   0.000000e+00   0.000000e+00   1.000700e-04   0.000000e+00   0.000000e+00   0.000000e+00   0.000000e+00   0.000000e+00
 9.141050e-09  -2.055845e-07  -1.242118e-09   1.462027e-06  -6.290763e-06  -6.624228e-07   0.000000e+00   0.000000e+00   0.000000e+00   0.000000e+00   1.000700e-04   0.000000e+00   0.000000e+00   0.000000e+00   0.000000e+00
 2.634326e-09   1.287208e-09  -1.869209e-07   1.362354e-06   6.714205e-07  -3.295828e-06   0.000000e+00   0.000000e+00   0.000000e+00   0.000000e+00   0.000000e+00   1.000700e-04   0.000000e+00   0.000000e+00   0.000000e+00
-3.537714e-09   1.408119e-08   3.243530e-09  -6.795318e-07   1.062614e-06   2.875728e-07  -6.145194e-06   6.355200e-24   0.000000e+00   0.000000e+00   0.000000e+00   0.000000e+00   1.000664e-04  -3.465816e-26   0.000000e+00
-9.271255e-09   3.191898e-09  -5.462940e-09  -9.155213e-08   6.340981e-07  -6.160276e-07   3.422995e-24  -6.145194e-06   0.000000e+00   0.000000e+00   0.000000e+00   0.000000e+00  -1.589566e-26   1.000664e-04   0.000000e+00
-2.921032e-09   2.662988e-09  -3.572577e-10  -1.023010e-07   1.948252e-07  -5.207135e-08   0.000000e+00   0.000000e+00  -7.002800e-06   0.000000e+00   0.000000e+00   0.000000e+00   0.000000e+00   0.000000e+00   1.000700e-04

# timestamp: 1762221525.9619167
 1.074601e-02  -7.388847e-06   7.360767e-07   2.479695e-03  -7.098824e-05   3.689146e-06   2.934411e-05   2.672745e-05   1.249802e-05  -7.591155e-07   7.121168e-07   6.384433e-07  -1.268453e-07   3.532219e-07  -5.536677e-08
-7.388847e-06   1.075735e-02   5.885330e-07  -5.377312e-05   2.600758e-03   4.519136e-06  -7.240338e-05  -2.842466e-05  -2.067740e-05   7.291885e-07  -1.962132e-06   3.497664e-07  -7.858456e-08   1.445754e-07   1.479859e-07
 7.360767e-07   5.885330e-07   1.074403e-02  -4.025568e-07   5.490697e-06   2.464961e-03  -1.373633e-05   2.541351e-05   4.124479e-06  -6.441072e-07  -3.196723e-07  -4.124619e-07   9.379153e-09  -5.257281e-08  -3.248214e-08
 2.479695e-03  -5.377312e-05  -4.025568e-07   1.238953e-02  -5.162335e-04  -6.173090e-06   2.443084e-04   1.203320e-04   7.698225e-05  -3.475376e-06   6.108910e-06   3.620973e-06  -1.372771e-06   2.348851e-06  -3.664511e-07
-7.098824e-05   2.600758e-03   5.490697e-06  -5.162335e-04   1.361860e-02   4.246214e-05  -6.951621e-04  -2.749579e-04  -1.992835e-04   7.013157e-06  -1.887292e-05   3.882173e-06   6.612202e-06   2.673598e-06   2.111980e-06
 3.689146e-06   4.519136e-06   2.464961e-03  -6.173090e-06   4.246214e-05   1.226889e-02  -8.395314e-05   1.432814e-04   2.192987e-05  -3.764463e-06  -2.163257e-06  -5.642605e-07  -4.254044e-07   1.208003e-06  -4.848266e-08
 2.934411e-05  -7.240338e-05  -1.373633e-05   2.443084e-04  -6.951621e-04  -8.395314e-05   4.078577e-04   3.224501e-20   0.000000e+00   0.000000e+00   0.000000e+00   0.000000e+00  -1.529648e-05  -4.528291e-22   0.000000e+00
 2.672745e-05  -2.842466e-05   2.541351e-05   1.203320e-04  -2.749579e-04   1.432814e-04   2.886511e-20   4.078577e-04   0.000000e+00   0.000000e+00   0.000000e+00   0.000000e+00  -4.261830e-22  -1.529648e-05   0.000000e+00
 1.249802e-05  -2.067740e-05   4.124479e-06   7.698225e-05  -1.992835e-04   2.192987e-05   0.000000e+00   0.000000e+00   1.005064e-03   0.000000e+00   0.000000e+00   0.000000e+00   0.000000e+00   0.000000e+00  -2.202530e-05
-7.591155e-07   7.291885e-07  -6.441072e-07  -3.475376e-06   7.013157e-06  -3.764463e-06   0.000000e+00   0.000000e+00   0.000000e+00   1.002200e-04   0.000000e+00   0.000000e+00   0.000000e+00   0.000000e+00   0.000000e+00
 7.121168e-07  -1.962132e-06  -3.196723e-07   6.108910e-06  -1.887292e-05  -2.163257e-06   0.000000e+00   0.000000e+00   0.000000e+00   0.000000e+00   1.002200e-04   0.000000e+00   0.000000e+00   0.000000e+00   0.000000e+00
 6.384433e-07   3.497664e-07  -4.124619e-07   3.620973e-06   3.882173e-06  -5.642605e-07   0.000000e+00   0.000000e+00   0.000000e+00   0.000000e+00   0.000000e+00   1.002200e-04   0.000000e+00   0.000000e+00   0.000000e+00
-1.268453e-07  -7.858456e-08   9.379153e-09  -1.372771e-06   6.612202e-06  -4.254044e-07  -1.529648e-05  -4.322852e-22   0.000000e+00   0.000000e+00   0.000000e+00   0.000000e+00   1.000889e-04   7.781276e-24   0.000000e+00
 3.532219e-07   1.445754e-07  -5.257281e-08   2.348851e-06   2.673598e-06   1.208003e-06  -4.116525e-22  -1.529648e-05   0.000000e+00   0.000000e+00   0.000000e+00   0.000000e+00   7.818513e-24   1.000889e-04   0.000000e+00
-5.536677e-08   1.479859e-07  -3.248214e-08  -3.664511e-07   2.111980e-06  -4.848266e-08   0.000000e+00   0.000000e+00  -2.202530e-05   0.000000e+00   0.000000e+00   0.000000e+00   0.000000e+00   0.000000e+00   1.002200e-04

# timestamp: 1762221526.331577
 1.122281e-02  -1.527221e-05   6.273366e-07   3.349906e-03  -1.056567e-04   4.372254e-06   3.695813e-05   2.465606e-05   1.633028e-05  -8.587720e-07   1.116574e-06   7.555284e-07   2.214864e-07   9.790033e-07  -4.416401e-08
-1.527221e-05   1.125549e-02   4.388736e-07  -4.496399e-05   3.602619e-03  -9.392519e-06  -1.034149e-04  -4.217733e-05  -3.650826e-05   1.312855e-06  -3.420217e-06   6.866780e-07  -4.843208e-07   5.532017e-08   3.394335e-07
 6.273366e-07   4.388736e-07   1.121910e-02  -9.485820e-06   5.887770e-07   3.336847e-03  -1.257207e-05   2.590328e-05   5.449484e-06  -8.116321e-07  -3.666020e-07  -3.687509e-07  -3.284496e-07   4.545518e-07  -3.142245e-08
 3.349906e-03  -4.496399e-05  -9.485820e-06   1.298504e-02  -2.998024e-04   4.593652e-06   1.596321e-04  -4.741460e-05   2.247343e-05   1.504079e-06   5.215471e-06  -3.806511e-07   2.516294e-06   9.875294e-06   9.957397e-07
-1.056567e-04   3.602619e-03   5.887770e-07  -2.998024e-04   1.474248e-02  -6.658831e-05  -7.017426e-04  -3.157207e-04  -2.572050e-04   9.806753e-06  -2.320788e-05   5.156731e-06   6.477291e-06   4.218643e-06   3.534800e-06
 4.372254e-06  -9.392519e-06   3.336847e-03   4.593652e-06  -6.658831e-05   1.290441e-02   1.734950e-05   2.893542e-05   1.343466e-05  -1.124099e-06   3.305210e-07   2.152754e-06  -4.664792e-06   6.173263e-06   1.668316e-07
 3.695813e-05  -1.034149e-04  -1.257207e-05   1.596321e-04  -7.017426e-04   1.734950e-05   3.370195e-04   2.604801e-20   0.000000e+00   0.000000e+00   0.000000e+00   0.000000e+00  -1.884180e-05  -3.370878e-22   0.000000e+00
 2.465606e-05  -4.217733e-05   2.590328e-05  -4.741460e-05  -3.157207e-04   2.893542e-05   2.422534e-20   3.370195e-04   0.000000e+00   0.000000e+00   0.000000e+00   0.000000e+00  -3.556787e-22  -1.884180e-05   0.000000e+00
 1.633028e-05  -3.650826e-05   5.449484e-06   2.247343e-05  -2.572050e-04   1.343466e-05   0.000000e+00   0.000000e+00   1.008709e-03   0.000000e+00   0.000000e+00   0.000000e+00   0.000000e+00   0.000000e+00  -2.904350e-05
-8.587720e-07   1.312855e-06  -8.116321e-07   1.504079e-06   9.806753e-06  -1.124099e-06   0.000000e+00   0.000000e+00   0.000000e+00   1.002900e-04   0.000000e+00   0.000000e+00   0.000000e+00   0.000000e+00   0.000000e+00
 1.116574e-06  -3.420217e-06  -3.666020e-07   5.215471e-06  -2.320788e-05   3.305210e-07   0.000000e+00   0.000000e+00   0.000000e+00   0.000000e+00   1.002900e-04   0.000000e+00   0.000000e+00   0.000000e+00   0.000000e+00
 7.555284e-07   6.866780e-07  -3.687509e-07  -3.806511e-07   5.156731e-06   2.152754e-06   0.000000e+00   0.000000e+00   0.000000e+00   0.000000e+00   0.000000e+00   1.002900e-04   0.000000e+00   0.000000e+00   0.000000e+00
 2.214864e-07  -4.843208e-07  -3.284496e-07   2.516294e-06   6.477291e-06  -4.664792e-06  -1.884180e-05  -3.351555e-22   0.000000e+00   0.000000e+00   0.000000e+00   0.000000e+00   9.999314e-05   1.183981e-23   0.000000e+00
 9.790033e-07   5.532017e-08   4.545518e-07   9.875294e-06   4.218643e-06   6.173263e-06  -2.702462e-22  -1.884180e-05   0.000000e+00   0.000000e+00   0.000000e+00   0.000000e+00   8.403247e-24   9.999314e-05   0.000000e+00
-4.416401e-08   3.394335e-07  -3.142245e-08   9.957397e-07   3.534800e-06   1.668316e-07   0.000000e+00   0.000000e+00  -2.904350e-05   0.000000e+00   0.000000e+00   0.000000e+00   0.000000e+00   0.000000e+00   1.002900e-04

# timestamp: 1762221526.6654537
 1.192067e-02  -2.162993e-05  -1.726983e-07   4.395053e-03  -9.760052e-05   4.196491e-06   3.717563e-05   1.282120e-05   1.507903e-05  -5.580911e-07   1.354115e-06   6.846313e-07   1.257620e-06   2.275130e-06   1.283604e-07
-2.162993e-05   1.199524e-02  -5.638014e-07   3.765070e-05   4.772273e-03  -1.875091e-05  -1.339145e-04  -6.061982e-05  -5.815727e-05   2.239740e-06  -5.218456e-06   9.574600e-07  -1.783124e-06  -1.342550e-07   6.545027e-07
-1.726983e-07  -5.638014e-07   1.191789e-02  -1.548352e-05  -1.522563e-05   4.411120e-03  -1.165940e-05   2.669328e-05   7.067414e-06  -1.000406e-06  -4.108171e-07  -3.252005e-07  -7.077284e-07   1.098066e-06  -3.473176e-08
 4.395053e-03   3.765070e-05  -1.548352e-05   1.379820e-02   2.376979e-04  -4.770204e-05  -4.007474e-06  -1.632611e-04  -5.793502e-05   6.259351e-06   2.170757e-07  -2.528217e-06   1.325757e-05   1.712845e-05   3.555711e-06
-9.760052e-05   4.772273e-03  -1.522563e-05   2.376979e-04   1.544728e-02  -1.181945e-04  -5.636073e-04  -3.884523e-04  -2.955979e-04   1.452352e-05  -2.178763e-05   2.751323e-06  -3.216163e-06   8.819833e-06   4.790683e-06
 4.196491e-06  -1.875091e-05   4.411120e-03  -4.770204e-05  -1.181945e-04   1.372478e-02  -1.009244e-07   8.068059e-05   3.100689e-05  -2.994671e-06   1.634922e-07  -1.629309e-06  -4.078113e-06   3.126845e-06  -4.058491e-07
 3.717563e-05  -1.339145e-04  -1.165940e-05  -4.007474e-06  -5.636073e-04  -1.009244e-07   2.885335e-04   1.593343e-20   0.000000e+00   0.000000e+00   0.000000e+00   0.000000e+00  -2.310617e-05   1.787254e-22   0.000000e+00
 1.282120e-05  -6.061982e-05   2.669328e-05  -1.632611e-04  -3.884523e-04   8.068059e-05   1.501551e-20   2.885335e-04   0.000000e+00   0.000000e+00   0.000000e+00   0.000000e+00   1.116670e-22  -2.310617e-05   0.000000e+00
 1.507903e-05  -5.815727e-05   7.067414e-06  -5.793502e-05  -2.955979e-04   3.100689e-05   0.000000e+00   0.000000e+00   1.014078e-03   0.000000e+00   0.000000e+00   0.000000e+00   0.000000e+00   0.000000e+00  -3.707030e-05
-5.580911e-07   2.239740e-06  -1.000406e-06   6.259351e-06   1.452352e-05  -2.994671e-06   0.000000e+00   0.000000e+00   0.000000e+00   1.003700e-04   0.000000e+00   0.000000e+00   0.000000e+00   0.000000e+00   0.000000e+00
 1.354115e-06  -5.218456e-06  -4.108171e-07   2.170757e-07  -2.178763e-05   1.634922e-07   0.000000e+00   0.000000e+00   0.000000e+00   0.000000e+00   1.003700e-04   0.000000e+00   0.000000e+00   0.000000e+00   0.000000e+00
 6.846313e-07   9.574600e-07  -3.252005e-07  -2.528217e-06   2.751323e-06  -1.629309e-06   0.000000e+00   0.000000e+00   0.000000e+00   0.000000e+00   0.000000e+00   1.003700e-04   0.000000e+00   0.000000e+00   0.000000e+00
 1.257620e-06  -1.783124e-06  -7.077284e-07   1.325757e-05  -3.216163e-06  -4.078113e-06  -2.310617e-05   2.574280e-22   0.000000e+00   0.000000e+00   0.000000e+00   0.000000e+00   9.980380e-05  -1.523415e-23   0.000000e+00
 2.275130e-06  -1.342550e-07   1.098066e-06   1.712845e-05   8.819833e-06   3.126845e-06   2.168975e-22  -2.310617e-05   0.000000e+00   0.000000e+00   0.000000e+00   0.000000e+00  -1.245293e-23   9.980380e-05   0.000000e+00
 1.283604e-07   6.545027e-07  -3.473176e-08   3.555711e-06   4.790683e-06  -4.058491e-07   0.000000e+00   0.000000e+00  -3.707030e-05   0.000000e+00   0.000000e+00   0.000000e+00   0.000000e+00   0.000000e+00   1.003700e-04

# timestamp: 1762221527.2770882
 1.291569e-02  -1.899029e-05  -5.686370e-07   5.700384e-03  -1.907878e-05   5.740764e-05   2.783733e-05  -6.244821e-06   2.636994e-05   3.035947e-07   1.255541e-06   4.152293e-07   3.266395e-06   4.120227e-06  -2.640102e-07
-1.899029e-05   1.306068e-02  -9.351302e-06   6.731568e-05   6.437254e-03  -2.618535e-04  -1.573926e-04  -9.636096e-05  -6.355778e-05   3.618392e-06  -7.293515e-06   1.004218e-06  -4.711406e-06   7.813570e-07   1.806247e-07
-5.686370e-07  -9.351302e-06   1.292158e-02   3.447539e-05  -7.224192e-05   5.936590e-03  -1.307762e-05   3.434650e-05   6.855048e-05  -1.322112e-06  -5.537723e-07  -4.010709e-07  -9.738312e-07   1.321850e-06  -2.553380e-06
 5.700384e-03   6.731568e-05   3.447539e-05   1.550261e-02   1.708479e-03   2.273340e-03  -7.454841e-05  -1.914423e-04   8.619297e-04   1.379660e-05  -2.807670e-06  -3.230150e-06   1.965817e-05   1.859157e-05  -3.549191e-05
-1.907878e-05   6.437254e-03  -7.224192e-05   1.708479e-03   2.152928e-02   9.960208e-04  -5.456985e-04  -1.108804e-03   8.102043e-04   1.624326e-05  -2.450720e-05  -2.732612e-06  -5.237931e-06   8.081724e-05  -4.201541e-05
 5.740764e-05  -2.618535e-04   5.936590e-03   2.273340e-03   9.960208e-04   2.386615e-02  -9.649869e-05   3.509091e-04   2.985301e-03  -4.612613e-06  -4.281955e-06   6.075118e-08   5.022858e-06  -2.384805e-05  -1.252301e-04
 2.783733e-05  -1.573926e-04  -1.307762e-05  -7.454841e-05  -5.456985e-04  -9.649869e-05   2.459002e-04   1.122545e-20   0.000000e+00   0.000000e+00   0.000000e+00   0.000000e+00  -2.750696e-05   3.495824e-22   0.000000e+00
-6.244821e-06  -9.636096e-05   3.434650e-05  -1.914423e-04  -1.108804e-03   3.509091e-04   1.080594e-20   2.459002e-04   0.000000e+00   0.000000e+00   0.000000e+00   0.000000e+00   2.590084e-22  -2.750696e-05   0.000000e+00
 2.636994e-05  -6.355778e-05   6.855048e-05   8.619297e-04   8.102043e-04   2.985301e-03   0.000000e+00   0.000000e+00   1.021654e-03   0.000000e+00   0.000000e+00   0.000000e+00   0.000000e+00   0.000000e+00  -4.610810e-05
 3.035947e-07   3.618392e-06  -1.322112e-06   1.379660e-05   1.624326e-05  -4.612613e-06   0.000000e+00   0.000000e+00   0.000000e+00   1.004600e-04   0.000000e+00   0.000000e+00   0.000000e+00   0.000000e+00   0.000000e+00
 1.255541e-06  -7.293515e-06  -5.537723e-07  -2.807670e-06  -2.450720e-05  -4.281955e-06   0.000000e+00   0.000000e+00   0.000000e+00   0.000000e+00   1.004600e-04   0.000000e+00   0.000000e+00   0.000000e+00   0.000000e+00
 4.152293e-07   1.004218e-06  -4.010709e-07  -3.230150e-06  -2.732612e-06   6.075118e-08   0.000000e+00   0.000000e+00   0.000000e+00   0.000000e+00   0.000000e+00   1.004600e-04   0.000000e+00   0.000000e+00   0.000000e+00
 3.266395e-06  -4.711406e-06  -9.738312e-07   1.965817e-05  -5.237931e-06   5.022858e-06  -2.750696e-05   4.948519e-22   0.000000e+00   0.000000e+00   0.000000e+00   0.000000e+00   9.944906e-05  -1.178870e-23   0.000000e+00
 4.120227e-06   7.813570e-07   1.321850e-06   1.859157e-05   8.081724e-05  -2.384805e-05   4.071952e-22  -2.750696e-05   0.000000e+00   0.000000e+00   0.000000e+00   0.000000e+00  -6.197327e-24   9.944906e-05   0.000000e+00
-2.640102e-07   1.806247e-07  -2.553380e-06  -3.549191e-05  -4.201541e-05  -1.252301e-04   0.000000e+00   0.000000e+00  -4.610810e-05   0.000000e+00   0.000000e+00   0.000000e+00   0.000000e+00   0.000000e+00   1.004600e-04

# timestamp: 1762221527.7087975
 1.400804e-02   9.559072e-07   2.108770e-05   6.971023e-03   1.344014e-04   2.341703e-04   1.522990e-05  -2.189607e-05   9.293794e-05   1.566414e-06   8.810003e-07   5.929508e-08   5.600969e-06   5.566711e-06  -2.979616e-06
 9.559072e-07   1.427286e-02  -2.764784e-05   3.155996e-04   8.101053e-03  -1.928188e-04  -1.720600e-04  -1.624600e-04  -2.380210e-07   5.088800e-06  -9.253854e-06   7.342833e-07  -8.756866e-06   4.267221e-06  -3.098935e-06
 2.108770e-05  -2.764784e-05   1.410425e-02   1.860547e-04  -2.826608e-06   7.879156e-03  -1.738979e-05   5.421701e-05   3.087913e-04  -1.718388e-06  -8.661861e-07  -4.875125e-07  -9.857391e-07   4.639301e-07  -1.259083e-05
 6.971023e-03   3.155996e-04   1.860547e-04   1.641741e-02   2.155160e-03   1.984526e-03  -1.595798e-04  -2.484881e-04   7.895263e-04   1.820318e-05  -7.272245e-06  -6.043262e-06   3.001354e-05   2.534018e-05  -3.185743e-05
 1.344014e-04   8.101053e-03  -2.826608e-06   2.155160e-03   2.228205e-02   7.799234e-04  -4.652128e-04  -1.054083e-03   7.636473e-04   2.130138e-05  -2.424984e-05  -4.208972e-06  -1.546920e-05   7.280009e-05  -3.960452e-05
 2.341703e-04  -1.928188e-04   7.879156e-03   1.984526e-03   7.799234e-04   2.473140e-02  -7.045244e-05   3.247381e-04   3.009990e-03  -5.519956e-06  -3.322374e-06  -2.890200e-06   1.686312e-06  -2.026248e-05  -1.259485e-04
 1.522990e-05  -1.720600e-04  -1.738979e-05  -1.595798e-04  -4.652128e-04  -7.045244e-05   2.153760e-04   6.260306e-21   0.000000e+00   0.000000e+00   0.000000e+00   0.000000e+00  -3.094120e-05   7.312772e-22   0.000000e+00
-2.189607e-05  -1.624600e-04   5.421701e-05  -2.484881e-04  -1.054083e-03   3.247381e-04   5.707707e-21   2.153760e-04   0.000000e+00   0.000000e+00   0.000000e+00   0.000000e+00   7.009675e-22  -3.094120e-05   0.000000e+00
 9.293794e-05  -2.380210e-07   3.087913e-04   7.895263e-04   7.636473e-04   3.009990e-03   0.000000e+00   0.000000e+00   1.029754e-03   0.000000e+00   0.000000e+00   0.000000e+00   0.000000e+00   0.000000e+00  -5.414850e-05
 1.566414e-06   5.088800e-06  -1.718388e-06   1.820318e-05   2.130138e-05  -5.519956e-06   0.000000e+00   0.000000e+00   0.000000e+00   1.005400e-04   0.000000e+00   0.000000e+00   0.000000e+00   0.000000e+00   0.000000e+00
 8.810003e-07  -9.253854e-06  -8.661861e-07  -7.272245e-06  -2.424984e-05  -3.322374e-06   0.000000e+00   0.000000e+00   0.000000e+00   0.000000e+00   1.005400e-04   0.000000e+00   0.000000e+00   0.000000e+00   0.000000e+00
 5.929508e-08   7.342833e-07  -4.875125e-07  -6.043262e-06  -4.208972e-06  -2.890200e-06   0.000000e+00   0.000000e+00   0.000000e+00   0.000000e+00   0.000000e+00   1.005400e-04   0.000000e+00   0.000000e+00   0.000000e+00
 5.600969e-06  -8.756866e-06  -9.857391e-07   3.001354e-05  -1.546920e-05   1.686312e-06  -3.094120e-05   8.307100e-22   0.000000e+00   0.000000e+00   0.000000e+00   0.000000e+00   9.895058e-05  -2.485571e-23   0.000000e+00
 5.566711e-06   4.267221e-06   4.639301e-07   2.534018e-05   7.280009e-05  -2.026248e-05   7.773918e-22  -3.094120e-05   0.000000e+00   0.000000e+00   0.000000e+00   0.000000e+00  -2.443621e-23   9.895058e-05   0.000000e+00
-2.979616e-06  -3.098935e-06  -1.259083e-05  -3.185743e-05  -3.960452e-05  -1.259485e-04   0.000000e+00   0.000000e+00  -5.414850e-05   0.000000e+00   0.000000e+00   0.000000e+00   0.000000e+00   0.000000e+00   1.005400e-04

# timestamp: 1762221528.0293348
 1.531019e-02   5.280775e-05   6.594518e-05   8.325560e-03   3.177352e-04   3.785238e-04  -1.162833e-06  -4.160535e-05   1.534154e-04   3.225176e-06   1.467473e-07  -4.304850e-07   8.454629e-06   7.397742e-06  -5.359012e-06
 5.280775e-05   1.574795e-02  -3.204839e-05   6.256378e-04   9.830715e-03  -1.270729e-04  -1.868200e-04  -2.233154e-04   6.029082e-05   6.901242e-06  -1.118990e-05   2.137316e-07  -1.358696e-05   6.058808e-06  -6.208956e-06
 6.594518e-05  -3.204839e-05   1.560392e-02   2.855055e-04   4.128522e-05   9.911552e-03  -2.300446e-05   7.373595e-05   5.514466e-04  -2.259450e-06  -1.261837e-06  -7.802959e-07  -9.005493e-07  -3.852106e-08  -2.266994e-05
 8.325560e-03   6.256378e-04   2.855055e-04   1.746754e-02   2.626411e-03   1.645091e-03  -2.369179e-04  -3.106382e-04   7.072511e-04   2.308310e-05  -1.218187e-05  -7.506049e-06   4.174320e-05   3.416426e-05  -2.715222e-05
 3.177352e-04   9.830715e-03   4.128522e-05   2.626411e-03   2.310908e-02   5.387372e-04  -4.046382e-04  -1.024725e-03   7.288487e-04   2.573858e-05  -2.331932e-05  -7.565674e-06  -2.548502e-05   6.671045e-05  -3.746706e-05
 3.785238e-04  -1.270729e-04   9.911552e-03   1.645091e-03   5.387372e-04   2.572298e-02  -9.152243e-05   3.367295e-04   3.033593e-03  -7.734514e-06  -4.552850e-06  -6.163014e-06   4.185129e-06  -2.140351e-05  -1.267416e-04
-1.162833e-06  -1.868200e-04  -2.300446e-05  -2.369179e-04  -4.046382e-04  -9.152243e-05   1.979184e-04   4.597292e-21   0.000000e+00   0.000000e+00   0.000000e+00   0.000000e+00  -3.503698e-05   7.976657e-22   0.000000e+00
-4.160535e-05  -2.233154e-04   7.373595e-05  -3.106382e-04  -1.024725e-03   3.367295e-04   4.907933e-21   1.979184e-04   0.000000e+00   0.000000e+00   0.000000e+00   0.000000e+00   6.384545e-22  -3.503698e-05   0.000000e+00
 1.534154e-04   6.029082e-05   5.514466e-04   7.072511e-04   7.288487e-04   3.033593e-03   0.000000e+00   0.000000e+00   1.039141e-03   0.000000e+00   0.000000e+00   0.000000e+00   0.000000e+00   0.000000e+00  -6.219530e-05
 3.225176e-06   6.901242e-06  -2.259450e-06   2.308310e-05   2.573858e-05  -7.734514e-06   0.000000e+00   0.000000e+00   0.000000e+00   1.006200e-04   0.000000e+00   0.000000e+00   0.000000e+00   0.000000e+00   0.000000e+00
 1.467473e-07  -1.118990e-05  -1.261837e-06  -1.218187e-05  -2.331932e-05  -4.552850e-06   0.000000e+00   0.000000e+00   0.000000e+00   0.000000e+00   1.006200e-04   0.000000e+00   0.000000e+00   0.000000e+00   0.000000e+00
-4.304850e-07   2.137316e-07  -7.802959e-07  -7.506049e-06  -7.565674e-06  -6.163014e-06   0.000000e+00   0.000000e+00   0.000000e+00   0.000000e+00   0.000000e+00   1.006200e-04   0.000000e+00   0.000000e+00   0.000000e+00
 8.454629e-06  -1.358696e-05  -9.005493e-07   4.174320e-05  -2.548502e-05   4.185129e-06  -3.503698e-05   9.050427e-22   0.000000e+00   0.000000e+00   0.000000e+00   0.000000e+00   9.839670e-05  -5.912189e-24   0.000000e+00
 7.397742e-06   6.058808e-06  -3.852106e-08   3.416426e-05   6.671045e-05  -2.140351e-05   8.045979e-22  -3.503698e-05   0.000000e+00   0.000000e+00   0.000000e+00   0.000000e+00   1.828517e-25   9.839670e-05   0.000000e+00
-5.359012e-06  -6.208956e-06  -2.266994e-05  -2.715222e-05  -3.746706e-05  -1.267416e-04   0.000000e+00   0.000000e+00  -6.219530e-05   0.000000e+00   0.000000e+00   0.000000e+00   0.000000e+00   0.000000e+00   1.006200e-04

# timestamp: 1762221528.2379732
 1.643229e-02   1.154532e-04   1.117017e-04   9.403961e-03   4.698762e-04   4.685474e-04  -1.651004e-05  -5.797499e-05   1.945906e-04   4.709621e-06  -6.802639e-07  -8.865767e-07   1.103089e-05   8.875301e-06  -6.886053e-06
 1.154532e-04   1.702778e-02  -2.888261e-05   8.933212e-04   1.115399e-02  -8.789802e-05  -1.942451e-04  -2.652101e-04   1.039713e-04   8.516656e-06  -1.256562e-05  -3.363473e-07  -1.819648e-05   6.148688e-06  -8.422806e-06
 1.117017e-04  -2.888261e-05   1.694500e-02   3.230636e-04   6.293702e-05   1.150232e-02  -2.747506e-05   8.813662e-05   7.355238e-04  -2.785552e-06  -1.595680e-06  -1.210805e-06  -8.595248e-07  -1.700267e-07  -3.028961e-05
 9.403961e-03   8.933212e-04   3.230636e-04   1.834303e-02   2.961620e-03   1.384861e-03  -2.895140e-04  -3.563473e-04   6.412816e-04   2.700729e-05  -1.611092e-05  -7.765149e-06   5.094545e-05   4.210090e-05  -2.296378e-05
 4.698762e-04   1.115399e-02   6.293702e-05   2.961620e-03   2.365931e-02   3.530176e-04  -3.617897e-04  -9.973917e-04   7.088330e-04   2.865222e-05  -2.226228e-05  -1.138471e-05  -3.341289e-05   6.033726e-05  -3.608802e-05
 4.685474e-04  -8.789802e-05   1.150232e-02   1.384861e-03   3.530176e-04   2.655732e-02  -1.300158e-04   3.594264e-04   3.051255e-03  -1.026286e-05  -6.910270e-06  -8.746176e-06   1.123508e-05  -2.521331e-05  -1.273651e-04
-1.651004e-05  -1.942451e-04  -2.747506e-05  -2.895140e-04  -3.617897e-04  -1.300158e-04   1.874746e-04   2.837630e-21   0.000000e+00   0.000000e+00   0.000000e+00   0.000000e+00  -3.803198e-05   9.943104e-22   0.000000e+00
-5.797499e-05  -2.652101e-04   8.813662e-05  -3.563473e-04  -9.973917e-04   3.594264e-04   3.029995e-21   1.874746e-04   0.000000e+00   0.000000e+00   0.000000e+00   0.000000e+00   8.695997e-22  -3.803198e-05   0.000000e+00
 1.945906e-04   1.039713e-04   7.355238e-04   6.412816e-04   7.088330e-04   3.051255e-03   0.000000e+00   0.000000e+00   1.047027e-03   0.000000e+00   0.000000e+00   0.000000e+00   0.000000e+00   0.000000e+00  -6.823460e-05
 4.709621e-06   8.516656e-06  -2.785552e-06   2.700729e-05   2.865222e-05  -1.026286e-05   0.000000e+00   0.000000e+00   0.000000e+00   1.006800e-04   0.000000e+00   0.000000e+00   0.000000e+00   0.000000e+00   0.000000e+00
-6.802639e-07  -1.256562e-05  -1.595680e-06  -1.611092e-05  -2.226228e-05  -6.910270e-06   0.000000e+00   0.000000e+00   0.000000e+00   0.000000e+00   1.006800e-04   0.000000e+00   0.000000e+00   0.000000e+00   0.000000e+00
-8.865767e-07  -3.363473e-07  -1.210805e-06  -7.765149e-06  -1.138471e-05  -8.746176e-06   0.000000e+00   0.000000e+00   0.000000e+00   0.000000e+00   0.000000e+00   1.006800e-04   0.000000e+00   0.000000e+00   0.000000e+00
 1.103089e-05  -1.819648e-05  -8.595248e-07   5.094545e-05  -3.341289e-05   1.123508e-05  -3.803198e-05   1.188731e-21   0.000000e+00   0.000000e+00   0.000000e+00   0.000000e+00   9.789329e-05  -3.609675e-23   0.000000e+00
 8.875301e-06   6.148688e-06  -1.700267e-07   4.210090e-05   6.033726e-05  -2.521331e-05   8.783859e-22  -3.803198e-05   0.000000e+00   0.000000e+00   0.000000e+00   0.000000e+00   9.139426e-24   9.789329e-05   0.000000e+00
-6.886053e-06  -8.422806e-06  -3.028961e-05  -2.296378e-05  -3.608802e-05  -1.273651e-04   0.000000e+00   0.000000e+00  -6.823460e-05   0.000000e+00   0.000000e+00   0.000000e+00   0.000000e+00   0.000000e+00   1.006800e-04

# timestamp: 1762221528.4620347
 1.746800e-02   1.861909e-04   1.552703e-04   1.034687e-02   6.147831e-04   5.312266e-04  -3.147816e-05  -7.343662e-05   2.260133e-04   6.108550e-06  -1.563071e-06  -1.300956e-06   1.352422e-05   1.035002e-05  -7.965438e-06
 1.861909e-04   1.821891e-02  -2.470766e-05   1.135429e-03   1.231796e-02  -9.509154e-05  -2.005586e-04  -3.014661e-04   1.394475e-04   1.002321e-05  -1.364353e-05  -9.363849e-07  -2.217727e-05   6.128511e-06  -1.019593e-05
 1.552703e-04  -2.470766e-05   1.821034e-02   3.406765e-04   4.724349e-05   1.287177e-02  -3.237255e-05   1.016799e-04   8.902593e-04  -3.331430e-06  -1.936882e-06  -1.721836e-06  -6.360312e-07  -4.587584e-07  -3.668008e-05
 1.034687e-02   1.135429e-03   3.406765e-04   1.912186e-02   3.214580e-03   1.173450e-03  -3.431583e-04  -3.838611e-04   5.885568e-04   2.962986e-05  -1.990335e-05  -8.734269e-06   6.158795e-05   4.738635e-05  -1.936306e-05
 6.147831e-04   1.231796e-02   4.724349e-05   3.214580e-03   2.434068e-02   8.290444e-05  -3.185708e-04  -1.006182e-03   6.878004e-04   3.204990e-05  -2.061338e-05  -1.344285e-05  -4.219472e-05   6.125751e-05  -3.456482e-05
 5.312266e-04  -9.509154e-05   1.287177e-02   1.173450e-03   8.290444e-05   2.726929e-02  -1.373780e-04   3.787567e-04   3.072737e-03  -1.212900e-05  -7.328920e-06  -1.216450e-05   1.273331e-05  -2.895599e-05  -1.283710e-04
-3.147816e-05  -2.005586e-04  -3.237255e-05  -3.431583e-04  -3.185708e-04  -1.373780e-04   1.823427e-04   2.469883e-21   0.000000e+00   0.000000e+00   0.000000e+00   0.000000e+00  -4.094507e-05   9.714549e-22   0.000000e+00
-7.343662e-05  -3.014661e-04   1.016799e-04  -3.838611e-04  -1.006182e-03   3.787567e-04   2.063328e-21   1.823427e-04   0.000000e+00   0.000000e+00   0.000000e+00   0.000000e+00   9.834219e-22  -4.094507e-05   0.000000e+00
 2.260133e-04   1.394475e-04   8.902593e-04   5.885568e-04   6.878004e-04   3.072737e-03   0.000000e+00   0.000000e+00   1.054152e-03   0.000000e+00   0.000000e+00   0.000000e+00   0.000000e+00   0.000000e+00  -7.327010e-05
 6.108550e-06   1.002321e-05  -3.331430e-06   2.962986e-05   3.204990e-05  -1.212900e-05   0.000000e+00   0.000000e+00   0.000000e+00   1.007300e-04   0.000000e+00   0.000000e+00   0.000000e+00   0.000000e+00   0.000000e+00
-1.563071e-06  -1.364353e-05  -1.936882e-06  -1.990335e-05  -2.061338e-05  -7.328920e-06   0.000000e+00   0.000000e+00   0.000000e+00   0.000000e+00   1.007300e-04   0.000000e+00   0.000000e+00   0.000000e+00   0.000000e+00
-1.300956e-06  -9.363849e-07  -1.721836e-06  -8.734269e-06  -1.344285e-05  -1.216450e-05   0.000000e+00   0.000000e+00   0.000000e+00   0.000000e+00   0.000000e+00   1.007300e-04   0.000000e+00   0.000000e+00   0.000000e+00
 1.352422e-05  -2.217727e-05  -6.360312e-07   6.158795e-05  -4.219472e-05   1.273331e-05  -4.094507e-05   1.315312e-21   0.000000e+00   0.000000e+00   0.000000e+00   0.000000e+00   9.751701e-05  -4.588897e-23   0.000000e+00
 1.035002e-05   6.128511e-06  -4.587584e-07   4.738635e-05   6.125751e-05  -2.895599e-05   9.428250e-22  -4.094507e-05   0.000000e+00   0.000000e+00   0.000000e+00   0.000000e+00   1.135060e-23   9.751701e-05   0.000000e+00
-7.965438e-06  -1.019593e-05  -3.668008e-05  -1.936306e-05  -3.456482e-05  -1.283710e-04   0.000000e+00   0.000000e+00  -7.327010e-05   0.000000e+00   0.000000e+00   0.000000e+00   0.000000e+00   0.000000e+00   1.007300e-04

# timestamp: 1762221528.6884835
 1.883637e-02   2.901450e-04   2.131834e-04   1.153116e-02   7.922057e-04   5.935369e-04  -5.137401e-05  -9.165812e-05   2.602485e-04   7.960359e-06  -2.875537e-06  -1.857379e-06   1.677778e-05   1.183415e-05  -9.012658e-06
 2.901450e-04   1.978334e-02  -1.747598e-05   1.421784e-03   1.373151e-02  -1.213346e-04  -2.021878e-04  -3.389096e-04   1.807124e-04   1.205508e-05  -1.482417e-05  -1.800025e-06  -2.854045e-05   4.131008e-06  -1.221798e-05
 2.131834e-04  -1.747598e-05   1.991029e-02   3.416996e-04   8.469095e-06   1.456720e-02  -3.806922e-05   1.169197e-04   1.077840e-03  -4.115821e-06  -2.381269e-06  -2.564427e-06  -4.847000e-07  -3.538420e-07  -4.442107e-05
 1.153116e-02   1.421784e-03   3.416996e-04   2.008535e-02   3.439259e-03   9.234204e-04  -4.008695e-04  -4.061707e-04   5.240639e-04   3.261929e-05  -2.465667e-05  -9.951391e-06   7.398046e-05   5.172238e-05  -1.467005e-05
 7.922057e-04   1.373151e-02   8.469095e-06   3.439259e-03   2.512817e-02  -2.474144e-04  -2.615333e-04  -1.005890e-03   6.613890e-04   3.637038e-05  -1.833255e-05  -1.582779e-05  -5.504783e-05   5.980058e-05  -3.253175e-05
 5.935369e-04  -1.213346e-04   1.456720e-02   9.234204e-04  -2.474144e-04   2.814214e-02  -1.412700e-04   3.967811e-04   3.102307e-03  -1.446198e-05  -7.639026e-06  -1.668965e-05   1.341385e-05  -3.256253e-05  -1.299330e-04
-5.137401e-05  -2.021878e-04  -3.806922e-05  -4.008695e-04  -2.615333e-04  -1.412700e-04   1.746873e-04   2.023812e-21   0.000000e+00   0.000000e+00   0.000000e+00   0.000000e+00  -4.368007e-05   9.496307e-22   0.000000e+00
-9.165812e-05  -3.389096e-04   1.169197e-04  -4.061707e-04  -1.005890e-03   3.967811e-04   1.365773e-21   1.746873e-04   0.000000e+00   0.000000e+00   0.000000e+00   0.000000e+00   1.032289e-21  -4.368007e-05   0.000000e+00
 2.602485e-04   1.807124e-04   1.077840e-03   5.240639e-04   6.613890e-04   3.102307e-03   0.000000e+00   0.000000e+00   1.063367e-03   0.000000e+00   0.000000e+00   0.000000e+00   0.000000e+00   0.000000e+00  -7.931600e-05
 7.960359e-06   1.205508e-05  -4.115821e-06   3.261929e-05   3.637038e-05  -1.446198e-05   0.000000e+00   0.000000e+00   0.000000e+00   1.007900e-04   0.000000e+00   0.000000e+00   0.000000e+00   0.000000e+00   0.000000e+00
-2.875537e-06  -1.482417e-05  -2.381269e-06  -2.465667e-05  -1.833255e-05  -7.639026e-06   0.000000e+00   0.000000e+00   0.000000e+00   0.000000e+00   1.007900e-04   0.000000e+00   0.000000e+00   0.000000e+00   0.000000e+00
-1.857379e-06  -1.800025e-06  -2.564427e-06  -9.951391e-06  -1.582779e-05  -1.668965e-05   0.000000e+00   0.000000e+00   0.000000e+00   0.000000e+00   0.000000e+00   1.007900e-04   0.000000e+00   0.000000e+00   0.000000e+00
 1.677778e-05  -2.854045e-05  -4.847000e-07   7.398046e-05  -5.504783e-05   1.341385e-05  -4.368007e-05   1.493390e-21   0.000000e+00   0.000000e+00   0.000000e+00   0.000000e+00   9.682717e-05  -6.367229e-23   0.000000e+00
 1.183415e-05   4.131008e-06  -3.538420e-07   5.172238e-05   5.980058e-05  -3.256253e-05   9.269877e-22  -4.368007e-05   0.000000e+00   0.000000e+00   0.000000e+00   0.000000e+00   3.915345e-23   9.682717e-05   0.000000e+00
-9.012658e-06  -1.221798e-05  -4.442107e-05  -1.467005e-05  -3.253175e-05  -1.299330e-04   0.000000e+00   0.000000e+00  -7.931600e-05   0.000000e+00   0.000000e+00   0.000000e+00   0.000000e+00   0.000000e+00   1.007900e-04

# timestamp: 1762221528.9645367
 2.061626e-02   4.445151e-04   2.839370e-04   1.300316e-02   1.012555e-03   6.458534e-04  -7.808857e-05  -1.149900e-04   2.951555e-04   1.036924e-05  -4.764236e-06  -2.558172e-06   2.116550e-05   1.379566e-05  -9.851967e-06
 4.445151e-04   2.182496e-02  -1.316225e-05   1.797596e-03   1.544568e-02  -1.793357e-04  -2.025890e-04  -3.841074e-04   2.273095e-04   1.472217e-05  -1.603302e-05  -3.046959e-06  -3.652032e-05   1.476658e-06  -1.444098e-05
 2.839370e-04  -1.316225e-05   2.215539e-02   2.955528e-04  -5.786390e-05   1.663428e-02  -4.621888e-05   1.369780e-04   1.299279e-03  -5.236442e-06  -2.996024e-06  -3.869984e-06  -3.449779e-08  -5.217490e-07  -5.355680e-05
 1.300316e-02   1.797596e-03   2.955528e-04   2.132615e-02   3.723110e-03   6.225428e-04  -4.656624e-04  -4.430324e-04   4.430924e-04   3.658773e-05  -3.023268e-05  -1.036729e-05   8.935533e-05   6.015618e-05  -8.371124e-06
 1.012555e-03   1.544568e-02  -5.786390e-05   3.723110e-03   2.602162e-02  -6.459560e-04  -2.056571e-04  -1.004287e-03   6.382632e-04   4.069881e-05  -1.564669e-05  -2.009665e-05  -6.868893e-05   5.803317e-05  -3.057563e-05
 6.458534e-04  -1.793357e-04   1.663428e-02   6.225428e-04  -6.459560e-04   2.926407e-02  -1.737644e-04   4.324620e-04   3.132387e-03  -1.799232e-05  -9.784323e-06  -2.161950e-05   2.144318e-05  -4.108451e-05  -1.315541e-04
-7.808857e-05  -2.025890e-04  -4.621888e-05  -4.656624e-04  -2.056571e-04  -1.737644e-04   1.692764e-04   2.461210e-21   0.000000e+00   0.000000e+00   0.000000e+00   0.000000e+00  -4.726788e-05   6.925269e-22   0.000000e+00
-1.149900e-04  -3.841074e-04   1.369780e-04  -4.430324e-04  -1.004287e-03   4.324620e-04   1.913899e-21   1.692764e-04   0.000000e+00   0.000000e+00   0.000000e+00   0.000000e+00   7.542850e-22  -4.726788e-05   0.000000e+00
 2.951555e-04   2.273095e-04   1.299279e-03   4.430924e-04   6.382632e-04   3.132387e-03   0.000000e+00   0.000000e+00   1.075036e-03   0.000000e+00   0.000000e+00   0.000000e+00   0.000000e+00   0.000000e+00  -8.637410e-05
 1.036924e-05   1.472217e-05  -5.236442e-06   3.658773e-05   4.069881e-05  -1.799232e-05   0.000000e+00   0.000000e+00   0.000000e+00   1.008600e-04   0.000000e+00   0.000000e+00   0.000000e+00   0.000000e+00   0.000000e+00
-4.764236e-06  -1.603302e-05  -2.996024e-06  -3.023268e-05  -1.564669e-05  -9.784323e-06   0.000000e+00   0.000000e+00   0.000000e+00   0.000000e+00   1.008600e-04   0.000000e+00   0.000000e+00   0.000000e+00   0.000000e+00
-2.558172e-06  -3.046959e-06  -3.869984e-06  -1.036729e-05  -2.009665e-05  -2.161950e-05   0.000000e+00   0.000000e+00   0.000000e+00   0.000000e+00   0.000000e+00   1.008600e-04   0.000000e+00   0.000000e+00   0.000000e+00
 2.116550e-05  -3.652032e-05  -3.449779e-08   8.935533e-05  -6.868893e-05   2.144318e-05  -4.726788e-05   1.400194e-21   0.000000e+00   0.000000e+00   0.000000e+00   0.000000e+00   9.605186e-05  -1.292152e-23   0.000000e+00
 1.379566e-05   1.476658e-06  -5.217490e-07   6.015618e-05   5.803317e-05  -4.108451e-05   7.585134e-22  -4.726788e-05   0.000000e+00   0.000000e+00   0.000000e+00   0.000000e+00   1.067313e-22   9.605186e-05   0.000000e+00
-9.851967e-06  -1.444098e-05  -5.355680e-05  -8.371124e-06  -3.057563e-05  -1.315541e-04   0.000000e+00   0.000000e+00  -8.637410e-05   0.000000e+00   0.000000e+00   0.000000e+00   0.000000e+00   0.000000e+00   1.008600e-04

# timestamp: 1762221529.196837
 2.243022e-02   6.249120e-04   5.684418e-04   1.587330e-02   7.337214e-04   1.441633e-03  -1.025636e-04  -1.411513e-04   4.747601e-04   1.264330e-05  -6.703586e-06  -3.195017e-06   2.505126e-05   1.687329e-05  -2.253777e-05
 6.249120e-04   2.376011e-02  -7.830470e-05   2.966735e-03   1.716333e-02   6.957846e-04  -1.977477e-04  -4.264770e-04   1.795192e-04   1.726559e-05  -1.690614e-05  -4.336171e-06  -4.488963e-05  -4.423330e-07  -9.313415e-06
 5.684418e-04  -7.830470e-05   2.424407e-02   4.410291e-03  -2.518389e-03   1.774684e-02  -5.371663e-05   1.299747e-04   1.482377e-03  -6.391517e-06  -3.616589e-06  -5.285457e-06   3.801039e-07   6.229753e-06  -6.076844e-05
 1.587330e-02   2.966735e-03   4.410291e-03   3.416923e-02   1.636178e-03   1.016756e-02  -5.162194e-04  -5.971366e-04   3.455902e-03   3.978023e-05  -3.524632e-05  -1.088000e-05   1.022094e-04   1.015013e-04  -2.490789e-04
 7.337214e-04   1.716333e-02  -2.518389e-03   1.636178e-03   3.009978e-02  -2.916483e-03  -1.543268e-04  -1.184625e-03  -1.112443e-03   4.472534e-05  -1.301260e-05  -2.350866e-05  -8.222978e-05   1.061444e-04   1.096047e-04
 1.441633e-03   6.957846e-04   1.774684e-02   1.016756e-02  -2.916483e-03   2.791021e-02  -1.928992e-04  -1.824843e-05   2.980160e-03  -2.104074e-05  -1.124291e-05  -2.634362e-05   2.654462e-05   8.270958e-05  -1.187964e-04
-1.025636e-04  -1.977477e-04  -5.371663e-05  -5.162194e-04  -1.543268e-04  -1.928992e-04   1.640589e-04   1.112549e-21   0.000000e+00   0.000000e+00   0.000000e+00   0.000000e+00  -4.977208e-05   9.501507e-22   0.000000e+00
-1.411513e-04  -4.264770e-04   1.299747e-04  -5.971366e-04  -1.184625e-03  -1.824843e-05   1.378666e-22   1.640589e-04   0.000000e+00   0.000000e+00   0.000000e+00   0.000000e+00   1.142056e-21  -4.977208e-05   0.000000e+00
 4.747601e-04   1.795192e-04   1.482377e-03   3.455902e-03  -1.112443e-03   2.980160e-03   0.000000e+00   0.000000e+00   1.085824e-03   0.000000e+00   0.000000e+00   0.000000e+00   0.000000e+00   0.000000e+00  -9.242780e-05
 1.264330e-05   1.726559e-05  -6.391517e-06   3.978023e-05   4.472534e-05  -2.104074e-05   0.000000e+00   0.000000e+00   0.000000e+00   1.009200e-04   0.000000e+00   0.000000e+00   0.000000e+00   0.000000e+00   0.000000e+00
-6.703586e-06  -1.690614e-05  -3.616589e-06  -3.524632e-05  -1.301260e-05  -1.124291e-05   0.000000e+00   0.000000e+00   0.000000e+00   0.000000e+00   1.009200e-04   0.000000e+00   0.000000e+00   0.000000e+00   0.000000e+00
