# ekf covariance log started at 1769121467.2348607
# timestamp: 1769121471.345612
 1.000000e+00   0.000000e+00   0.000000e+00   0.000000e+00   0.000000e+00   0.000000e+00   0.000000e+00   0.000000e+00   0.000000e+00
 0.000000e+00   1.000000e+00   0.000000e+00   0.000000e+00   0.000000e+00   0.000000e+00   0.000000e+00   0.000000e+00   0.000000e+00
 0.000000e+00   0.000000e+00   1.000000e+00   0.000000e+00   0.000000e+00   0.000000e+00   0.000000e+00   0.000000e+00   0.000000e+00
 0.000000e+00   0.000000e+00   0.000000e+00   1.000000e+00   0.000000e+00   0.000000e+00   0.000000e+00   0.000000e+00   0.000000e+00
 0.000000e+00   0.000000e+00   0.000000e+00   0.000000e+00   1.000000e+00   0.000000e+00   0.000000e+00   0.000000e+00   0.000000e+00
 0.000000e+00   0.000000e+00   0.000000e+00   0.000000e+00   0.000000e+00   1.000000e+00   0.000000e+00   0.000000e+00   0.000000e+00
 0.000000e+00   0.000000e+00   0.000000e+00   0.000000e+00   0.000000e+00   0.000000e+00   1.000000e+00   0.000000e+00   0.000000e+00
 0.000000e+00   0.000000e+00   0.000000e+00   0.000000e+00   0.000000e+00   0.000000e+00   0.000000e+00   1.000000e+00   0.000000e+00
 0.000000e+00   0.000000e+00   0.000000e+00   0.000000e+00   0.000000e+00   0.000000e+00   0.000000e+00   0.000000e+00   1.000000e+00

# timestamp: 1769121471.3646178
 1.000930e+00   0.000000e+00   0.000000e+00   3.000600e-02   0.000000e+00   0.000000e+00   0.000000e+00   0.000000e+00   0.000000e+00
 0.000000e+00   1.000930e+00   0.000000e+00   0.000000e+00   3.000600e-02   0.000000e+00   0.000000e+00   0.000000e+00   0.000000e+00
 0.000000e+00   0.000000e+00   1.000930e+00   0.000000e+00   0.000000e+00   3.000600e-02   0.000000e+00   0.000000e+00   0.000000e+00
 3.000600e-02   0.000000e+00   0.000000e+00   1.000300e+00   0.000000e+00   0.000000e+00   0.000000e+00   0.000000e+00   0.000000e+00
 0.000000e+00   3.000600e-02   0.000000e+00   0.000000e+00   1.000300e+00   0.000000e+00   0.000000e+00   0.000000e+00   0.000000e+00
 0.000000e+00   0.000000e+00   3.000600e-02   0.000000e+00   0.000000e+00   1.000300e+00   0.000000e+00   0.000000e+00   0.000000e+00
 0.000000e+00   0.000000e+00   0.000000e+00   0.000000e+00   0.000000e+00   0.000000e+00   1.797444e-03   0.000000e+00   0.000000e+00
 0.000000e+00   0.000000e+00   0.000000e+00   0.000000e+00   0.000000e+00   0.000000e+00   0.000000e+00   1.797444e-03   0.000000e+00
 0.000000e+00   0.000000e+00   0.000000e+00   0.000000e+00   0.000000e+00   0.000000e+00   0.000000e+00   0.000000e+00   1.797444e-03

# timestamp: 1769121471.3912287
 1.002551e+00   0.000000e+00   0.000000e+00   5.001500e-02   0.000000e+00   0.000000e+00   0.000000e+00   0.000000e+00   0.000000e+00
 0.000000e+00   1.002551e+00   0.000000e+00   0.000000e+00   5.001500e-02   0.000000e+00   0.000000e+00   0.000000e+00   0.000000e+00
 0.000000e+00   0.000000e+00   1.002551e+00   0.000000e+00   0.000000e+00   5.001500e-02   0.000000e+00   0.000000e+00   0.000000e+00
 5.001500e-02   0.000000e+00   0.000000e+00   1.000500e+00   0.000000e+00   0.000000e+00   0.000000e+00   0.000000e+00   0.000000e+00
 0.000000e+00   5.001500e-02   0.000000e+00   0.000000e+00   1.000500e+00   0.000000e+00   0.000000e+00   0.000000e+00   0.000000e+00
 0.000000e+00   0.000000e+00   5.001500e-02   0.000000e+00   0.000000e+00   1.000500e+00   0.000000e+00   0.000000e+00   0.000000e+00
 0.000000e+00   0.000000e+00   0.000000e+00   0.000000e+00   0.000000e+00   0.000000e+00   9.680370e-04   0.000000e+00   0.000000e+00
 0.000000e+00   0.000000e+00   0.000000e+00   0.000000e+00   0.000000e+00   0.000000e+00   0.000000e+00   9.680370e-04   0.000000e+00
 0.000000e+00   0.000000e+00   0.000000e+00   0.000000e+00   0.000000e+00   0.000000e+00   0.000000e+00   0.000000e+00   9.680370e-04

# timestamp: 1769121471.4047878
 1.003661e+00   0.000000e+00   0.000000e+00   6.002100e-02   0.000000e+00   0.000000e+00   0.000000e+00   0.000000e+00   0.000000e+00
 0.000000e+00   1.003661e+00   0.000000e+00   0.000000e+00   6.002100e-02   0.000000e+00   0.000000e+00   0.000000e+00   0.000000e+00
 0.000000e+00   0.000000e+00   1.003661e+00   0.000000e+00   0.000000e+00   6.002100e-02   0.000000e+00   0.000000e+00   0.000000e+00
 6.002100e-02   0.000000e+00   0.000000e+00   1.000600e+00   0.000000e+00   0.000000e+00   0.000000e+00   0.000000e+00   0.000000e+00
 0.000000e+00   6.002100e-02   0.000000e+00   0.000000e+00   1.000600e+00   0.000000e+00   0.000000e+00   0.000000e+00   0.000000e+00
 0.000000e+00   0.000000e+00   6.002100e-02   0.000000e+00   0.000000e+00   1.000600e+00   0.000000e+00   0.000000e+00   0.000000e+00
 0.000000e+00   0.000000e+00   0.000000e+00   0.000000e+00   0.000000e+00   0.000000e+00   1.068037e-03   0.000000e+00   0.000000e+00
 0.000000e+00   0.000000e+00   0.000000e+00   0.000000e+00   0.000000e+00   0.000000e+00   0.000000e+00   1.068037e-03   0.000000e+00
 0.000000e+00   0.000000e+00   0.000000e+00   0.000000e+00   0.000000e+00   0.000000e+00   0.000000e+00   0.000000e+00   1.068037e-03

# timestamp: 1769121471.4221046
 1.006482e+00   0.000000e+00   0.000000e+00   8.003600e-02   0.000000e+00   0.000000e+00   0.000000e+00   0.000000e+00   0.000000e+00
 0.000000e+00   1.006482e+00   0.000000e+00   0.000000e+00   8.003600e-02   0.000000e+00   0.000000e+00   0.000000e+00   0.000000e+00
 0.000000e+00   0.000000e+00   1.006482e+00   0.000000e+00   0.000000e+00   8.003600e-02   0.000000e+00   0.000000e+00   0.000000e+00
 8.003600e-02   0.000000e+00   0.000000e+00   1.000800e+00   0.000000e+00   0.000000e+00   0.000000e+00   0.000000e+00   0.000000e+00
 0.000000e+00   8.003600e-02   0.000000e+00   0.000000e+00   1.000800e+00   0.000000e+00   0.000000e+00   0.000000e+00   0.000000e+00
 0.000000e+00   0.000000e+00   8.003600e-02   0.000000e+00   0.000000e+00   1.000800e+00   0.000000e+00   0.000000e+00   0.000000e+00
 0.000000e+00   0.000000e+00   0.000000e+00   0.000000e+00   0.000000e+00   0.000000e+00   8.404931e-04   0.000000e+00   0.000000e+00
 0.000000e+00   0.000000e+00   0.000000e+00   0.000000e+00   0.000000e+00   0.000000e+00   0.000000e+00   8.404931e-04   0.000000e+00
 0.000000e+00   0.000000e+00   0.000000e+00   0.000000e+00   0.000000e+00   0.000000e+00   0.000000e+00   0.000000e+00   8.404931e-04

# timestamp: 1769121471.437091
 1.008193e+00   0.000000e+00   0.000000e+00   9.004500e-02   0.000000e+00   0.000000e+00   0.000000e+00   0.000000e+00   0.000000e+00
 0.000000e+00   1.008193e+00   0.000000e+00   0.000000e+00   9.004500e-02   0.000000e+00   0.000000e+00   0.000000e+00   0.000000e+00
 0.000000e+00   0.000000e+00   1.008193e+00   0.000000e+00   0.000000e+00   9.004500e-02   0.000000e+00   0.000000e+00   0.000000e+00
 9.004500e-02   0.000000e+00   0.000000e+00   1.000900e+00   0.000000e+00   0.000000e+00   0.000000e+00   0.000000e+00   0.000000e+00
 0.000000e+00   9.004500e-02   0.000000e+00   0.000000e+00   1.000900e+00   0.000000e+00   0.000000e+00   0.000000e+00   0.000000e+00
 0.000000e+00   0.000000e+00   9.004500e-02   0.000000e+00   0.000000e+00   1.000900e+00   0.000000e+00   0.000000e+00   0.000000e+00
 0.000000e+00   0.000000e+00   0.000000e+00   0.000000e+00   0.000000e+00   0.000000e+00   5.923216e-04   0.000000e+00   0.000000e+00
 0.000000e+00   0.000000e+00   0.000000e+00   0.000000e+00   0.000000e+00   0.000000e+00   0.000000e+00   5.923216e-04   0.000000e+00
 0.000000e+00   0.000000e+00   0.000000e+00   0.000000e+00   0.000000e+00   0.000000e+00   0.000000e+00   0.000000e+00   5.923216e-04

# timestamp: 1769121471.4524896
 9.904632e-03  -5.837472e-06   3.573801e-06   1.077008e-03  -6.347537e-07   3.886071e-07   1.873527e-05   2.088066e-05   3.407872e-05
-5.837472e-06   9.921894e-03   1.095071e-06  -6.347537e-07   1.078885e-03   1.190756e-07  -9.328709e-06  -1.039695e-05  -1.242179e-04
 3.573801e-06   1.095071e-06   9.923013e-03   3.886071e-07   1.190756e-07   1.079006e-03   8.463411e-05   9.432562e-05  -2.123572e-05
 1.077008e-03  -6.347537e-07   3.886071e-07   9.892488e-01  -6.902169e-08   4.225626e-08   2.037232e-06   2.270516e-06   3.705643e-06
-6.347537e-07   1.078885e-03   1.190756e-07  -6.902169e-08   9.892490e-01   1.294801e-08  -1.014383e-06  -1.130541e-06  -1.350717e-05
 3.886071e-07   1.190756e-07   1.079006e-03   4.225626e-08   1.294801e-08   9.892490e-01   9.202924e-06   1.025676e-05  -2.309125e-06
 1.873527e-05  -9.328709e-06   8.463411e-05   2.037232e-06  -1.014383e-06   9.202924e-06   7.923140e-04  -8.451994e-09  -4.345309e-25
 2.088066e-05  -1.039695e-05   9.432562e-05   2.270516e-06  -1.130541e-06   1.025676e-05  -8.451994e-09   7.923122e-04   7.348433e-26
 3.407872e-05  -1.242179e-04  -2.123572e-05   3.705643e-06  -1.350717e-05  -2.309125e-06  -5.958558e-25  -5.520086e-25   7.923046e-04

# timestamp: 1769121471.4694781
 1.036264e-02  -3.921166e-06   2.400605e-06   2.086489e-02  -4.254536e-07   2.604700e-07   1.255761e-05   1.399559e-05   2.284179e-05
-3.921166e-06   1.037424e-02   7.355850e-07  -4.254536e-07   2.086615e-02   7.981229e-08  -6.252713e-06  -6.968716e-06  -8.325896e-05
 2.400605e-06   7.355850e-07   1.037499e-02   2.604700e-07   7.981229e-08   2.086623e-02   5.672734e-05   6.322323e-05  -1.423357e-05
 2.086489e-02  -4.254536e-07   2.604700e-07   9.894488e-01  -4.616248e-08   2.826146e-08   1.362523e-06   1.518547e-06   2.478376e-06
-4.254536e-07   2.086615e-02   7.981229e-08  -4.616248e-08   9.894489e-01   8.659777e-09  -6.784306e-07  -7.561182e-07  -9.033747e-06
 2.604700e-07   7.981229e-08   2.086623e-02   2.826146e-08   8.659777e-09   9.894489e-01   6.155018e-06   6.859834e-06  -1.544368e-06
 1.255761e-05  -6.252713e-06   5.672734e-05   1.362523e-06  -6.784306e-07   6.155018e-06   7.299064e-04  -3.780621e-09  -1.943684e-25
 1.399559e-05  -6.968716e-06   6.322323e-05   1.518547e-06  -7.561182e-07   6.859834e-06  -3.780621e-09   7.299055e-04   3.286937e-26
 2.284179e-05  -8.325896e-05  -1.423357e-05   2.478376e-06  -9.033747e-06  -1.544368e-06  -2.665311e-25  -2.469182e-25   7.299021e-04

# timestamp: 1769121471.4846027
 1.088854e-02  -3.072713e-06   1.881168e-06   3.076034e-02  -3.330335e-07   2.038888e-07   8.277690e-06   9.225574e-06   1.505679e-05
-3.072713e-06   1.089762e-02   5.764207e-07  -3.330335e-07   3.076133e-02   6.247490e-08  -4.121646e-06  -4.593618e-06  -5.488241e-05
 1.881168e-06   5.764207e-07   1.089821e-02   2.038888e-07   6.247490e-08   3.076139e-02   3.739337e-05   4.167531e-05  -9.382446e-06
 3.076034e-02  -3.330335e-07   2.038888e-07   9.895488e-01  -3.609557e-08   2.209833e-08   8.971708e-07   9.999064e-07   1.631918e-06
-3.330335e-07   3.076133e-02   6.247490e-08  -3.609557e-08   9.895489e-01   6.771292e-09  -4.467213e-07  -4.978756e-07  -5.948386e-06
 2.038888e-07   6.247490e-08   3.076139e-02   2.209833e-08   6.771292e-09   9.895489e-01   4.052850e-06   4.516945e-06  -1.016909e-06
 8.277690e-06  -4.121646e-06   3.739337e-05   8.971708e-07  -4.467213e-07   4.052850e-06   5.464615e-04  -1.639171e-09  -8.427276e-26
 9.225574e-06  -4.593618e-06   4.167531e-05   9.999064e-07  -4.978756e-07   4.516945e-06  -1.639171e-09   5.464611e-04   1.425112e-26
 1.505679e-05  -5.488241e-05  -9.382446e-06   1.631918e-06  -5.948386e-06  -1.016909e-06  -1.155607e-25  -1.070571e-25   5.464596e-04

# timestamp: 1769121471.4968972
 1.253482e-02  -3.086049e-06   1.889332e-06   5.055432e-02  -3.337554e-07   2.043308e-07   8.295633e-06   9.245572e-06   1.508943e-05
-3.086049e-06   1.254394e-02   5.789224e-07  -3.337554e-07   5.055531e-02   6.261032e-08  -4.130580e-06  -4.603576e-06  -5.500138e-05
 1.889332e-06   5.789224e-07   1.254454e-02   2.043308e-07   6.261032e-08   5.055537e-02   3.747442e-05   4.176565e-05  -9.402785e-06
 5.055432e-02  -3.337554e-07   2.043308e-07   9.897488e-01  -3.609557e-08   2.209833e-08   8.971708e-07   9.999064e-07   1.631918e-06
-3.337554e-07   5.055531e-02   6.261032e-08  -3.609557e-08   9.897489e-01   6.771292e-09  -4.467213e-07  -4.978756e-07  -5.948386e-06
 2.043308e-07   6.261032e-08   5.055537e-02   2.209833e-08   6.771292e-09   9.897489e-01   4.052850e-06   4.516945e-06  -1.016909e-06
 8.295633e-06  -4.130580e-06   3.747442e-05   8.971708e-07  -4.467213e-07   4.052850e-06   7.464615e-04  -1.639171e-09  -8.427276e-26
 9.245572e-06  -4.603576e-06   4.176565e-05   9.999064e-07  -4.978756e-07   4.516945e-06  -1.639171e-09   7.464611e-04   1.425112e-26
 1.508943e-05  -5.500138e-05  -9.402785e-06   1.631918e-06  -5.948386e-06  -1.016909e-06  -1.155607e-25  -1.070571e-25   7.464596e-04

# timestamp: 1769121471.5123067
 1.365473e-02  -2.705450e-06   1.656323e-06   6.045279e-02  -2.922777e-07   1.789374e-07   5.662730e-06   6.311173e-06   1.030028e-05
-2.705450e-06   1.366273e-02   5.075247e-07  -2.922777e-07   6.045365e-02   5.482938e-08  -2.819599e-06  -3.142474e-06  -3.754481e-05
 1.656323e-06   5.075247e-07   1.366325e-02   1.789374e-07   5.482938e-08   6.045371e-02   2.558063e-05   2.850989e-05  -6.418489e-06
 6.045279e-02  -2.922777e-07   1.789374e-07   9.898488e-01  -3.157562e-08   1.933113e-08   6.117613e-07   6.818145e-07   1.112769e-06
-2.922777e-07   6.045365e-02   5.482938e-08  -3.157562e-08   9.898489e-01   5.923378e-09  -3.046096e-07  -3.394906e-07  -4.056075e-06
 1.789374e-07   5.482938e-08   6.045371e-02   1.933113e-08   5.923378e-09   9.898489e-01   2.763551e-06   3.080007e-06  -6.934082e-07
 5.662730e-06  -2.819599e-06   2.558063e-05   6.117613e-07  -3.046096e-07   2.763551e-06   6.089955e-04  -7.621445e-10  -3.918326e-26
 6.311173e-06  -3.142474e-06   2.850989e-05   6.818145e-07  -3.394906e-07   3.080007e-06  -7.621445e-10   6.089953e-04   6.626143e-27
 1.030028e-05  -3.754481e-05  -6.418489e-06   1.112769e-06  -4.056075e-06  -6.934082e-07  -5.373087e-26  -4.977709e-26   6.089947e-04

# timestamp: 1769121471.5260522
 1.497270e-02  -2.527914e-06   1.547632e-06   7.035227e-02  -2.728032e-07   1.670148e-07   3.928184e-06   4.378003e-06   7.145211e-06
-2.527914e-06   1.498018e-02   4.742200e-07  -2.728032e-07   7.035307e-02   5.117609e-08  -1.955930e-06  -2.179905e-06  -2.604449e-05
 1.547632e-06   4.742200e-07   1.498066e-02   1.670148e-07   5.117609e-08   7.035313e-02   1.774505e-05   1.977705e-05  -4.452447e-06
 7.035227e-02  -2.728032e-07   1.670148e-07   9.899488e-01  -2.943993e-08   1.802363e-08   4.239153e-07   4.724581e-07   7.710850e-07
-2.728032e-07   7.035307e-02   5.117609e-08  -2.943993e-08   9.899489e-01   5.522737e-09  -2.110768e-07  -2.352474e-07  -2.810626e-06
 1.670148e-07   5.117609e-08   7.035313e-02   1.802363e-08   5.522737e-09   9.899489e-01   1.914981e-06   2.134267e-06  -4.804918e-07
 3.928184e-06  -1.955930e-06   1.774505e-05   4.239153e-07  -2.110768e-07   1.914981e-06   4.912928e-04  -3.659579e-10  -1.881458e-26
 4.378003e-06  -2.179905e-06   1.977705e-05   4.724581e-07  -2.352474e-07   2.134267e-06  -3.659579e-10   4.912927e-04   3.181661e-27
 7.145211e-06  -2.604449e-05  -4.452447e-06   7.710850e-07  -2.810626e-06  -4.804918e-07  -2.579990e-26  -2.390142e-26   4.912924e-04

# timestamp: 1769121471.541969
 1.820282e-02  -2.538838e-06   1.554320e-06   9.015424e-02  -2.733920e-07   1.673753e-07   3.936663e-06   4.387452e-06   7.160633e-06
-2.538838e-06   1.821033e-02   4.762693e-07  -2.733920e-07   9.015505e-02   5.128655e-08  -1.960152e-06  -2.184610e-06  -2.610070e-05
 1.554320e-06   4.762693e-07   1.821081e-02   1.673753e-07   5.128655e-08   9.015510e-02   1.778335e-05   1.981974e-05  -4.462057e-06
 9.015424e-02  -2.733920e-07   1.673753e-07   9.901488e-01  -2.943993e-08   1.802363e-08   4.239153e-07   4.724581e-07   7.710850e-07
-2.733920e-07   9.015505e-02   5.128655e-08  -2.943993e-08   9.901489e-01   5.522737e-09  -2.110768e-07  -2.352474e-07  -2.810626e-06
 1.673753e-07   5.128655e-08   9.015510e-02   1.802363e-08   5.522737e-09   9.901489e-01   1.914981e-06   2.134267e-06  -4.804918e-07
 3.936663e-06  -1.960152e-06   1.778335e-05   4.239153e-07  -2.110768e-07   1.914981e-06   6.912928e-04  -3.659579e-10  -1.881458e-26
 4.387452e-06  -2.184610e-06   1.981974e-05   4.724581e-07  -2.352474e-07   2.134267e-06  -3.659579e-10   6.912927e-04   3.181661e-27
 7.160633e-06  -2.610070e-05  -4.462057e-06   7.710850e-07  -2.810626e-06  -4.804918e-07  -2.579990e-26  -2.390142e-26   6.912924e-04

# timestamp: 1769121471.5565486
 7.420771e-03  -2.786937e-06   1.676497e-06   3.980809e-02  -6.910143e-06   4.123877e-06   1.065756e-05   1.187797e-05   1.968591e-05
-2.786937e-06   7.428795e-03   5.251738e-07  -6.982189e-06   3.982773e-02   1.322365e-06  -5.263047e-06  -5.865722e-06  -7.000248e-05
 1.676497e-06   5.251738e-07   7.429352e-03   4.135471e-06   1.303278e-06   3.982915e-02   4.777524e-05   5.324601e-05  -1.210320e-05
 3.980809e-02  -6.982189e-06   4.135471e-06   6.579235e-01  -5.601358e-05   3.379504e-05   3.773504e-05   4.205611e-05   7.006127e-05
-6.910143e-06   3.982773e-02   1.303278e-06  -5.601358e-05   6.580855e-01   1.054728e-05  -1.858252e-05  -2.071042e-05  -2.470672e-04
 4.123877e-06   1.322365e-06   3.982915e-02   3.379504e-05   1.054728e-05   6.580966e-01   1.687150e-04   1.880347e-04  -4.288141e-05
 1.065756e-05  -5.263047e-06   4.777524e-05   3.773504e-05  -1.858252e-05   1.687150e-04   6.826372e-04  -9.999712e-08  -4.948584e-13
 1.187797e-05  -5.865722e-06   5.324601e-05   4.205611e-05  -2.071042e-05   1.880347e-04  -9.999712e-08   6.826155e-04  -5.515250e-13
 1.968591e-05  -7.000248e-05  -1.210320e-05   7.006127e-05  -2.470672e-04  -4.288141e-05  -4.948584e-13  -5.515250e-13   6.825258e-04

# timestamp: 1769121471.570702
 8.292446e-03  -2.254747e-06   1.356052e-06   4.638733e-02  -5.163229e-06   3.076700e-06   7.410564e-06   8.259153e-06   1.369069e-05
-2.254747e-06   8.298935e-03   4.249113e-07  -5.217660e-06   4.640197e-02   9.885804e-07  -3.659224e-06  -4.078244e-06  -4.866979e-05
 1.356052e-06   4.249113e-07   8.299386e-03   3.085459e-06   9.741604e-07   4.640304e-02   3.321677e-05   3.702045e-05  -8.415951e-06
 4.638733e-02  -5.217660e-06   3.085459e-06   6.580201e-01  -4.808835e-05   2.906470e-05   2.534120e-05   2.824304e-05   4.705008e-05
-5.163229e-06   4.640197e-02   9.741604e-07  -4.808835e-05   6.581595e-01   9.050904e-06  -1.247921e-05  -1.390821e-05  -1.659195e-04
 3.076700e-06   9.885804e-07   4.640304e-02   2.906470e-05   9.050904e-06   6.581690e-01   1.133016e-04   1.262759e-04  -2.879728e-05
 7.410564e-06  -3.659224e-06   3.321677e-05   2.534120e-05  -1.247921e-05   1.133016e-04   5.255603e-04  -4.509367e-08  -2.231751e-13
 8.259153e-06  -4.078244e-06   3.702045e-05   2.824304e-05  -1.390821e-05   1.262759e-04  -4.509367e-08   5.255505e-04  -2.487310e-13
 1.369069e-05  -4.866979e-05  -8.415951e-06   4.705008e-05  -1.659195e-04  -2.879728e-05  -2.231751e-13  -2.487310e-13   5.255101e-04

# timestamp: 1769121471.584398
 9.296004e-03  -2.363364e-06   1.420580e-06   5.296853e-02  -5.644113e-06   3.367347e-06   7.663976e-06   8.541583e-06   1.416119e-05
-2.363364e-06   9.302801e-03   4.454438e-07  -5.698544e-06   5.298457e-02   1.079089e-06  -3.784016e-06  -4.217326e-06  -5.032899e-05
 1.420580e-06   4.454438e-07   9.303274e-03   3.376106e-06   1.064669e-06   5.298573e-02   3.434979e-05   3.828321e-05  -8.703924e-06
 5.296853e-02  -5.698544e-06   3.376106e-06   6.581201e-01  -4.808835e-05   2.906470e-05   2.534120e-05   2.824304e-05   4.705008e-05
-5.644113e-06   5.298457e-02   1.064669e-06  -4.808835e-05   6.582595e-01   9.050904e-06  -1.247921e-05  -1.390821e-05  -1.659195e-04
 3.367347e-06   1.079089e-06   5.298573e-02   2.906470e-05   9.050904e-06   6.582690e-01   1.133016e-04   1.262759e-04  -2.879728e-05
 7.663976e-06  -3.784016e-06   3.434979e-05   2.534120e-05  -1.247921e-05   1.133016e-04   6.255603e-04  -4.509367e-08  -2.231751e-13
 8.541583e-06  -4.217326e-06   3.828321e-05   2.824304e-05  -1.390821e-05   1.262759e-04  -4.509367e-08   6.255505e-04  -2.487310e-13
 1.416119e-05  -5.032899e-05  -8.703924e-06   4.705008e-05  -1.659195e-04  -2.879728e-05  -2.231751e-13  -2.487310e-13   6.255101e-04

# timestamp: 1769121471.5968292
 1.043104e-02  -2.124661e-06   1.276637e-06   5.955024e-02  -4.985800e-06   2.974290e-06   5.447330e-06   6.071108e-06   1.006692e-05
-2.124661e-06   1.043715e-02   4.004901e-07  -5.032092e-06   5.956441e-02   9.528140e-07  -2.689342e-06  -2.997301e-06  -3.576897e-05
 1.276637e-06   4.004901e-07   1.043758e-02   2.981739e-06   9.405502e-07   5.956543e-02   2.441292e-05   2.720846e-05  -6.186615e-06
 5.955024e-02  -5.032092e-06   2.981739e-06   6.582185e-01  -4.442654e-05   2.687907e-05   1.743528e-05   1.943181e-05   3.237145e-05
-4.985800e-06   5.956441e-02   9.405502e-07  -4.442654e-05   6.583475e-01   8.359510e-06  -8.585959e-06  -9.569144e-06  -1.141561e-04
 2.974290e-06   9.528140e-07   5.956543e-02   2.687907e-05   8.359510e-06   6.583563e-01   7.795391e-05   8.688047e-05  -1.981313e-05
 5.447330e-06  -2.689342e-06   2.441292e-05   1.743528e-05  -8.585959e-06   7.795391e-05   4.991900e-04  -2.134530e-08  -1.056451e-13
 6.071108e-06  -2.997301e-06   2.720846e-05   1.943181e-05  -9.569144e-06   8.688047e-05  -2.134530e-08   4.991854e-04  -1.177426e-13
 1.006692e-05  -3.576897e-05  -6.186615e-06   3.237145e-05  -1.141561e-04  -1.981313e-05  -1.056451e-13  -1.177426e-13   4.991662e-04

# timestamp: 1769121471.6108263
 1.309631e-02  -2.149292e-06   1.290386e-06   7.271736e-02  -5.293821e-06   3.163587e-06   4.033487e-06   4.495364e-06   7.456160e-06
-2.149292e-06   1.310248e-02   4.052162e-07  -5.336216e-06   7.273244e-02   1.009588e-06  -1.991025e-06  -2.219019e-06  -2.648062e-05
 1.290386e-06   4.052162e-07   1.310291e-02   3.170409e-06   9.983563e-07   7.273353e-02   1.807403e-05   2.014370e-05  -4.581054e-06
 7.271736e-02  -5.336216e-06   3.170409e-06   6.584177e-01  -4.267328e-05   2.583260e-05   1.213329e-05   1.352268e-05   2.252744e-05
-5.293821e-06   7.273244e-02   9.983563e-07  -4.267328e-05   6.585418e-01   8.028473e-06  -5.975007e-06  -6.659210e-06  -7.944177e-05
 3.163587e-06   1.009588e-06   7.273353e-02   2.583260e-05   8.028473e-06   6.585502e-01   5.424848e-05   6.046051e-05  -1.378805e-05
 4.033487e-06  -1.991025e-06   1.807403e-05   1.213329e-05  -5.975007e-06   5.424848e-05   4.865644e-04  -1.033697e-08  -5.116211e-14
 4.495364e-06  -2.219019e-06   2.014370e-05   1.352268e-05  -6.659210e-06   6.046051e-05  -1.033697e-08   4.865622e-04  -5.702072e-14
 7.456160e-06  -2.648062e-05  -4.581054e-06   2.252744e-05  -7.944177e-05  -1.378805e-05  -5.116211e-14  -5.702072e-14   4.865529e-04

# timestamp: 1769121471.6227195
 1.462651e-02  -2.259860e-06   1.356309e-06   7.930254e-02  -5.720554e-06   3.421913e-06   4.154820e-06   4.630591e-06   7.681434e-06
-2.259860e-06   1.463299e-02   4.260985e-07  -5.762949e-06   7.931886e-02   1.089872e-06  -2.050776e-06  -2.285611e-06  -2.727504e-05
 1.356309e-06   4.260985e-07   1.463345e-02   3.428735e-06   1.078641e-06   7.932003e-02   1.861651e-05   2.074830e-05  -4.718934e-06
 7.930254e-02  -5.762949e-06   3.428735e-06   6.585177e-01  -4.267328e-05   2.583260e-05   1.213329e-05   1.352268e-05   2.252744e-05
-5.720554e-06   7.931886e-02   1.078641e-06  -4.267328e-05   6.586418e-01   8.028473e-06  -5.975007e-06  -6.659210e-06  -7.944177e-05
 3.421913e-06   1.089872e-06   7.932003e-02   2.583260e-05   8.028473e-06   6.586502e-01   5.424848e-05   6.046051e-05  -1.378805e-05
 4.154820e-06  -2.050776e-06   1.861651e-05   1.213329e-05  -5.975007e-06   5.424848e-05   5.865644e-04  -1.033697e-08  -5.116211e-14
 4.630591e-06  -2.285611e-06   2.074830e-05   1.352268e-05  -6.659210e-06   6.046051e-05  -1.033697e-08   5.865622e-04  -5.702072e-14
 7.681434e-06  -2.727504e-05  -4.718934e-06   2.252744e-05  -7.944177e-05  -1.378805e-05  -5.116211e-14  -5.702072e-14   5.865529e-04

# timestamp: 1769121471.6348116
 1.628838e-02  -2.273051e-06   1.363858e-06   8.588859e-02  -5.847530e-06   3.500448e-06   2.992209e-06   3.334849e-06   5.532666e-06
-2.273051e-06   1.629489e-02   4.286148e-07  -5.888028e-06   8.590529e-02   1.113165e-06  -1.476826e-06  -1.645938e-06  -1.964141e-05
 1.363858e-06   4.286148e-07   1.629535e-02   3.506965e-06   1.102437e-06   8.590648e-02   1.340638e-05   1.494155e-05  -3.398523e-06
 8.588859e-02  -5.888028e-06   3.506965e-06   6.586174e-01  -4.181952e-05   2.532302e-05   8.490189e-06   9.462406e-06   1.576342e-05
-5.847530e-06   8.590529e-02   1.102437e-06  -4.181952e-05   6.587390e-01   7.867272e-06  -4.180971e-06  -4.659737e-06  -5.558884e-05
 3.500448e-06   1.113165e-06   8.590648e-02   2.532302e-05   7.867272e-06   6.587472e-01   3.796001e-05   4.230683e-05  -9.648094e-06
 2.992209e-06  -1.476826e-06   1.340638e-05   8.490189e-06  -4.180971e-06   3.796001e-05   4.804164e-04  -5.061355e-09  -2.505105e-14
 3.334849e-06  -1.645938e-06   1.494155e-05   9.462406e-06  -4.659737e-06   4.230683e-05  -5.061355e-09   4.804153e-04  -2.791966e-14
 5.532666e-06  -1.964141e-05  -3.398523e-06   1.576342e-05  -5.558884e-05  -9.648094e-06  -2.505105e-14  -2.791966e-14   4.804108e-04

# timestamp: 1769121471.6470017
 2.000739e-02  -2.463755e-06   1.477708e-06   9.906387e-02  -6.521235e-06   3.909357e-06   2.320306e-06   2.586006e-06   4.291253e-06
-2.463755e-06   2.001445e-02   4.646203e-07  -6.560758e-06   9.908254e-02   1.239591e-06  -1.145065e-06  -1.276188e-06  -1.522883e-05
 1.477708e-06   4.646203e-07   2.001495e-02   3.915717e-06   1.229121e-06   9.908386e-02   1.039480e-05   1.158511e-05  -2.635456e-06
 9.906387e-02  -6.560758e-06   3.915717e-06   6.588172e-01  -4.138113e-05   2.506136e-05   6.230157e-06   6.943577e-06   1.156730e-05
-6.521235e-06   9.908254e-02   1.229121e-06  -4.138113e-05   6.589376e-01   7.784500e-06  -3.068025e-06  -3.419346e-06  -4.079147e-05
 3.909357e-06   1.239591e-06   9.908386e-02   2.506136e-05   7.784500e-06   6.589457e-01   2.785531e-05   3.104504e-05  -7.079836e-06
 2.320306e-06  -1.145065e-06   1.039480e-05   6.230157e-06  -3.068025e-06   2.785531e-05   5.259123e-04  -2.725386e-09  -1.348929e-14
 2.586006e-06  -1.276188e-06   1.158511e-05   6.943577e-06  -3.419346e-06   3.104504e-05  -2.725386e-09   5.259117e-04  -1.503396e-14
 4.291253e-06  -1.522883e-05  -2.635456e-06   1.156730e-05  -4.079147e-05  -7.079836e-06  -1.348929e-14  -1.503396e-14   5.259093e-04

# timestamp: 1769121471.661023
 6.882409e-03  -2.859995e-06   1.711015e-06   3.295496e-02  -1.083288e-05   6.478665e-06   1.111912e-05   1.239238e-05   2.060979e-05
-2.859995e-06   6.890574e-03   5.397015e-07  -1.085714e-05   3.298587e-02   2.050347e-06  -5.480526e-06  -6.108105e-06  -7.287690e-05
 1.711015e-06   5.397015e-07   6.891153e-03   6.482573e-06   2.043921e-06   3.298807e-02   4.975638e-05   5.545402e-05  -1.263289e-05
 3.295496e-02  -1.085714e-05   6.482573e-06   3.108103e-01  -7.264464e-05   4.375670e-05   4.805919e-05   5.356248e-05   8.914408e-05
-1.083288e-05   3.298587e-02   2.043921e-06  -7.264464e-05   3.110199e-01   1.368493e-05  -2.367861e-05  -2.639006e-05  -3.148480e-04
 6.478665e-06   2.050347e-06   3.298807e-02   4.375670e-05   1.368493e-05   3.110344e-01   2.149785e-04   2.395958e-04  -5.460695e-05
 1.111912e-05  -5.480526e-06   4.975638e-05   4.805919e-05  -2.367861e-05   2.149785e-04   6.258055e-04  -1.218266e-07  -2.036467e-14
 1.239238e-05  -6.108105e-06   5.545402e-05   5.356248e-05  -2.639006e-05   2.395958e-04  -1.218266e-07   6.257790e-04  -2.269665e-14
 2.060979e-05  -7.287690e-05  -1.263289e-05   8.914408e-05  -3.148480e-04  -5.460695e-05  -2.036467e-14  -2.269665e-14   6.256697e-04

# timestamp: 1769121471.6731732
 7.582256e-03  -2.282902e-06   1.365769e-06   3.606264e-02  -8.241018e-06   4.931630e-06   8.338859e-06   9.293747e-06   1.545691e-05
-2.282902e-06   7.588773e-03   4.307993e-07  -8.261765e-06   3.608618e-02   1.560100e-06  -4.110089e-06  -4.580738e-06  -5.465349e-05
 1.365769e-06   4.307993e-07   7.589236e-03   4.934971e-06   1.554605e-06   3.608785e-02   3.731455e-05   4.158746e-05  -9.474150e-06
 3.606264e-02  -8.261765e-06   4.934971e-06   3.109044e-01  -5.888774e-05   3.553574e-05   3.454902e-05   3.850525e-05   6.408432e-05
-8.241018e-06   3.608618e-02   1.554605e-06  -5.888774e-05   3.110748e-01   1.108817e-05  -1.702219e-05  -1.897141e-05  -2.263394e-04
 4.931630e-06   1.560100e-06   3.608785e-02   3.553574e-05   1.108817e-05   3.110865e-01   1.545447e-04   1.722418e-04  -3.925610e-05
 8.338859e-06  -4.110089e-06   3.731455e-05   3.454902e-05  -1.702219e-05   1.545447e-04   5.498546e-04  -6.295246e-08  -1.052437e-14
 9.293747e-06  -4.580738e-06   4.158746e-05   3.850525e-05  -1.897141e-05   1.722418e-04  -6.295246e-08   5.498409e-04  -1.172952e-14
 1.545691e-05  -5.465349e-05  -9.474150e-06   6.408432e-05  -2.263394e-04  -3.925610e-05  -1.052437e-14  -1.172952e-14   5.497844e-04

# timestamp: 1769121471.6856942
 8.344609e-03  -2.453818e-06   1.467989e-06   3.917269e-02  -8.829896e-06   5.286987e-06   8.684349e-06   9.678800e-06   1.609775e-05
-2.453818e-06   8.351614e-03   4.630552e-07  -8.850643e-06   3.919792e-02   1.670982e-06  -4.280310e-06  -4.770452e-06  -5.691688e-05
 1.467989e-06   4.630552e-07   8.352111e-03   5.290328e-06   1.665487e-06   3.919971e-02   3.886000e-05   4.330988e-05  -9.866711e-06
 3.917269e-02  -8.850643e-06   5.290328e-06   3.110044e-01  -5.888774e-05   3.553574e-05   3.454902e-05   3.850525e-05   6.408432e-05
-8.829896e-06   3.919792e-02   1.665487e-06  -5.888774e-05   3.111748e-01   1.108817e-05  -1.702219e-05  -1.897141e-05  -2.263394e-04
 5.286987e-06   1.670982e-06   3.919971e-02   3.553574e-05   1.108817e-05   3.111865e-01   1.545447e-04   1.722418e-04  -3.925610e-05
 8.684349e-06  -4.280310e-06   3.886000e-05   3.454902e-05  -1.702219e-05   1.545447e-04   6.498546e-04  -6.295246e-08  -1.052437e-14
 9.678800e-06  -4.770452e-06   4.330988e-05   3.850525e-05  -1.897141e-05   1.722418e-04  -6.295246e-08   6.498409e-04  -1.172952e-14
 1.609775e-05  -5.691688e-05  -9.866711e-06   6.408432e-05  -2.263394e-04  -3.925610e-05  -1.052437e-14  -1.172952e-14   6.497844e-04

# timestamp: 1769121471.6992307
 1.005575e-02  -2.313162e-06   1.384068e-06   4.539496e-02  -8.100147e-06   4.856972e-06   6.667540e-06   7.431044e-06   1.235990e-05
-2.313162e-06   1.006235e-02   4.364941e-07  -8.119096e-06   4.541816e-02   1.532310e-06  -3.286185e-06  -3.662488e-06  -4.369746e-05
 1.384068e-06   4.364941e-07   1.006282e-02   4.860023e-06   1.527291e-06   4.541980e-02   2.983460e-05   3.325098e-05  -7.575363e-06
 4.539496e-02  -8.119096e-06   4.860023e-06   3.112014e-01  -5.185444e-05   3.133272e-05   2.457054e-05   2.738413e-05   4.557544e-05
-8.100147e-06   4.541816e-02   1.527291e-06  -5.185444e-05   3.113517e-01   9.760552e-06  -1.210583e-05  -1.349208e-05  -1.609679e-04
 4.856972e-06   1.532310e-06   4.541980e-02   3.133272e-05   9.760552e-06   3.113620e-01   1.099090e-04   1.224948e-04  -2.791813e-05
 6.667540e-06  -3.286185e-06   2.983460e-05   2.457054e-05  -1.210583e-05   1.099090e-04   6.621487e-04  -3.183805e-08  -5.322971e-15
 7.431044e-06  -3.662488e-06   3.325098e-05   2.738413e-05  -1.349208e-05   1.224948e-04  -3.183805e-08   6.621418e-04  -5.932509e-15
 1.235990e-05  -4.369746e-05  -7.575363e-06   4.557544e-05  -1.609679e-04  -2.791813e-05  -5.322971e-15  -5.932509e-15   6.621132e-04

# timestamp: 1769121471.7110736
 1.100466e-02  -2.212367e-06   1.323996e-06   4.850756e-02  -7.665920e-06   4.600535e-06   4.682753e-06   5.218978e-06   8.680803e-06
-2.212367e-06   1.101098e-02   4.174551e-07  -7.684003e-06   4.852955e-02   1.449890e-06  -2.307929e-06  -2.572211e-06  -3.068923e-05
 1.323996e-06   4.174551e-07   1.101143e-02   4.603447e-06   1.445100e-06   4.853110e-02   2.095323e-05   2.335260e-05  -5.320351e-06
 4.850756e-02  -7.684003e-06   4.603447e-06   3.113000e-01  -4.846633e-05   2.930803e-05   1.664309e-05   1.854891e-05   3.087096e-05
-7.665920e-06   4.852955e-02   1.445100e-06  -4.846633e-05   3.114406e-01   9.121009e-06  -8.199999e-06  -9.138986e-06  -1.090331e-04
 4.600535e-06   1.449890e-06   4.853110e-02   2.930803e-05   9.121009e-06   3.114502e-01   7.444792e-05   8.297300e-05  -1.891061e-05
 4.682753e-06  -2.307929e-06   2.095323e-05   1.664309e-05  -8.199999e-06   7.444792e-05   5.162410e-04  -1.460741e-08  -2.442264e-15
 5.218978e-06  -2.572211e-06   2.335260e-05   1.854891e-05  -9.138986e-06   8.297300e-05  -1.460741e-08   5.162378e-04  -2.721930e-15
 8.680803e-06  -3.068923e-05  -5.320351e-06   3.087096e-05  -1.090331e-04  -1.891061e-05  -2.442264e-15  -2.721930e-15   5.162247e-04

# timestamp: 1769121471.723007
 1.201595e-02  -2.370713e-06   1.418967e-06   5.162156e-02  -8.150584e-06   4.893616e-06   4.849184e-06   5.404467e-06   8.989513e-06
-2.370713e-06   1.202273e-02   4.473171e-07  -8.168667e-06   5.164496e-02   1.541100e-06  -2.389929e-06  -2.663601e-06  -3.177956e-05
 1.418967e-06   4.473171e-07   1.202320e-02   4.896527e-06   1.536310e-06   5.164660e-02   2.169771e-05   2.418233e-05  -5.509457e-06
 5.162156e-02  -8.168667e-06   4.896527e-06   3.114000e-01  -4.846633e-05   2.930803e-05   1.664309e-05   1.854891e-05   3.087096e-05
-8.150584e-06   5.164496e-02   1.536310e-06  -4.846633e-05   3.115406e-01   9.121009e-06  -8.199999e-06  -9.138986e-06  -1.090331e-04
 4.893616e-06   1.541100e-06   5.164660e-02   2.930803e-05   9.121009e-06   3.115502e-01   7.444792e-05   8.297300e-05  -1.891061e-05
 4.849184e-06  -2.389929e-06   2.169771e-05   1.664309e-05  -8.199999e-06   7.444792e-05   6.162410e-04  -1.460741e-08  -2.442264e-15
 5.404467e-06  -2.663601e-06   2.418233e-05   1.854891e-05  -9.138986e-06   8.297300e-05  -1.460741e-08   6.162378e-04  -2.721930e-15
 8.989513e-06  -3.177956e-05  -5.509457e-06   3.087096e-05  -1.090331e-04  -1.891061e-05  -2.442264e-15  -2.721930e-15   6.162247e-04

# timestamp: 1769121471.7349174
 1.308947e-02  -2.388303e-06   1.429830e-06   5.473635e-02  -8.136187e-06   4.888268e-06   3.621015e-06   4.035660e-06   6.712838e-06
-2.388303e-06   1.309629e-02   4.506093e-07  -8.153846e-06   5.475972e-02   1.538019e-06  -1.784605e-06  -1.988961e-06  -2.373037e-05
 1.429830e-06   4.506093e-07   1.309678e-02   4.891112e-06   1.533341e-06   5.476136e-02   1.620211e-05   1.805742e-05  -4.114069e-06
 5.473635e-02  -8.153846e-06   4.891112e-06   3.114993e-01  -4.680948e-05   2.831792e-05   1.201546e-05   1.339135e-05   2.228724e-05
-8.136187e-06   5.475972e-02   1.533341e-06  -4.680948e-05   3.116352e-01   8.808260e-06  -5.919977e-06  -6.597877e-06  -7.871631e-05
 4.888268e-06   1.538019e-06   5.476136e-02   2.831792e-05   8.808260e-06   3.116444e-01   5.374756e-05   5.990223e-05  -1.365249e-05
 3.621015e-06  -1.784605e-06   1.620211e-05   1.201546e-05  -5.919977e-06   5.374756e-05   5.448909e-04  -7.613421e-09  -1.272932e-15
 4.035660e-06  -1.988961e-06   1.805742e-05   1.339135e-05  -6.597877e-06   5.990223e-05  -7.613421e-09   5.448893e-04  -1.418696e-15
 6.712838e-06  -2.373037e-05  -4.114069e-06   2.228724e-05  -7.871631e-05  -1.365249e-05  -1.272932e-15  -1.418696e-15   5.448825e-04

# timestamp: 1769121471.7465997
 1.422532e-02  -2.473246e-06   1.481039e-06   5.785223e-02  -8.338962e-06   5.012795e-06   2.666452e-06   2.971790e-06   4.943304e-06
-2.473246e-06   1.423239e-02   4.666075e-07  -8.356403e-06   5.787621e-02   1.575974e-06  -1.314139e-06  -1.464622e-06  -1.747443e-05
 1.481039e-06   4.666075e-07   1.423289e-02   5.015603e-06   1.571355e-06   5.787788e-02   1.193084e-05   1.329705e-05  -3.029535e-06
 5.785223e-02  -8.356403e-06   5.015603e-06   3.115989e-01  -4.595694e-05   2.780845e-05   8.563802e-06   9.544449e-06   1.588484e-05
-8.338962e-06   5.787621e-02   1.571355e-06  -4.595694e-05   3.117324e-01   8.647334e-06  -4.219358e-06  -4.702520e-06  -5.610365e-05
 5.012795e-06   1.575974e-06   5.787788e-02   2.780845e-05   8.647334e-06   3.117415e-01   3.830762e-05   4.269425e-05  -9.730566e-06
 2.666452e-06  -1.314139e-06   1.193084e-05   8.563802e-06  -4.219358e-06   3.830762e-05   4.596328e-04  -3.867494e-09  -6.466330e-16
 2.971790e-06  -1.464622e-06   1.329705e-05   9.544449e-06  -4.702520e-06   4.269425e-05  -3.867494e-09   4.596320e-04  -7.206794e-16
 4.943304e-06  -1.747443e-05  -3.029535e-06   1.588484e-05  -5.610365e-05  -9.730566e-06  -6.466330e-16  -7.206794e-16   4.596285e-04

# timestamp: 1769121471.7588704
 1.542353e-02  -2.644795e-06   1.584104e-06   6.096922e-02  -8.798532e-06   5.290880e-06   2.752090e-06   3.067234e-06   5.102152e-06
-2.644795e-06   1.543110e-02   4.989455e-07  -8.815973e-06   6.099453e-02   1.662448e-06  -1.356333e-06  -1.511647e-06  -1.803547e-05
 1.584104e-06   4.989455e-07   1.543163e-02   5.293688e-06   1.657828e-06   6.099630e-02   1.231392e-05   1.372399e-05  -3.126840e-06
 6.096922e-02  -8.815973e-06   5.293688e-06   3.116989e-01  -4.595694e-05   2.780845e-05   8.563802e-06   9.544449e-06   1.588484e-05
-8.798532e-06   6.099453e-02   1.657828e-06  -4.595694e-05   3.118324e-01   8.647334e-06  -4.219358e-06  -4.702520e-06  -5.610365e-05
 5.290880e-06   1.662448e-06   6.099630e-02   2.780845e-05   8.647334e-06   3.118415e-01   3.830762e-05   4.269425e-05  -9.730566e-06
 2.752090e-06  -1.356333e-06   1.231392e-05   8.563802e-06  -4.219358e-06   3.830762e-05   5.596328e-04  -3.867494e-09  -6.466330e-16
 3.067234e-06  -1.511647e-06   1.372399e-05   9.544449e-06  -4.702520e-06   4.269425e-05  -3.867494e-09   5.596320e-04  -7.206794e-16
 5.102152e-06  -1.803547e-05  -3.126840e-06   1.588484e-05  -5.610365e-05  -9.730566e-06  -6.466330e-16  -7.206794e-16   5.596285e-04

# timestamp: 1769121471.7729762
 6.430369e-03  -2.486520e-06   1.486884e-06   2.399941e-02  -8.403972e-06   5.033357e-06   9.524459e-06   1.061511e-05   1.766272e-05
-2.486520e-06   6.437463e-03   4.692850e-07  -8.411241e-06   2.402344e-02   1.587242e-06  -4.693290e-06  -5.230722e-06  -6.240501e-05
 1.486884e-06   4.692850e-07   6.437967e-03   5.034532e-06   1.585308e-06   2.402514e-02   4.260917e-05   4.748838e-05  -1.082191e-05
 2.399941e-02  -8.411241e-06   5.034532e-06   1.506412e-01  -4.344856e-05   2.616712e-05   3.388450e-05   3.776464e-05   6.284366e-05
-8.403972e-06   2.402344e-02   1.585308e-06  -4.344856e-05   1.507665e-01   8.185264e-06  -1.669609e-05  -1.860797e-05  -2.220000e-04
 5.033357e-06   1.587242e-06   2.402514e-02   2.616712e-05   8.185264e-06   1.507751e-01   1.515799e-04   1.689374e-04  -3.850086e-05
 9.524459e-06  -4.693290e-06   4.260917e-05   3.388450e-05  -1.669609e-05   1.515799e-04   5.669705e-04  -1.156324e-07   3.400820e-15
 1.061511e-05  -5.230722e-06   4.748838e-05   3.776464e-05  -1.860797e-05   1.689374e-04  -1.156324e-07   5.669454e-04   3.790251e-15
 1.766272e-05  -6.240501e-05  -1.082191e-05   6.284366e-05  -2.220000e-04  -3.850086e-05   3.400820e-15   3.790251e-15   5.668417e-04

# timestamp: 1769121471.7890847
 7.470391e-03  -2.231570e-06   1.334899e-06   2.701436e-02  -7.251600e-06   4.348452e-06   7.200961e-06   8.025548e-06   1.335398e-05
-2.231570e-06   7.476761e-03   4.211304e-07  -7.258580e-06   2.703514e-02   1.369345e-06  -3.548346e-06  -3.954670e-06  -4.718107e-05
 1.334899e-06   4.211304e-07   7.477213e-03   4.349579e-06   1.367491e-06   2.703660e-02   3.221453e-05   3.590343e-05  -8.181906e-06
 2.701436e-02  -7.258580e-06   4.349579e-06   1.508383e-01  -3.673448e-05   2.215425e-05   2.391662e-05   2.665533e-05   4.435680e-05
-7.251600e-06   2.703514e-02   1.367491e-06  -3.673448e-05   1.509445e-01   6.917941e-06  -1.178456e-05  -1.313402e-05  -1.566938e-04
 4.348452e-06   1.369345e-06   2.703660e-02   2.215425e-05   6.917941e-06   1.509518e-01   1.069893e-04   1.192407e-04  -2.717498e-05
 7.200961e-06  -3.548346e-06   3.221453e-05   2.391662e-05  -1.178456e-05   1.069893e-04   5.707396e-04  -5.760132e-08   1.694265e-15
 8.025548e-06  -3.954670e-06   3.590343e-05   2.665533e-05  -1.313402e-05   1.192407e-04  -5.760132e-08   5.707271e-04   1.888276e-15
 1.335398e-05  -4.718107e-05  -8.181906e-06   4.435680e-05  -1.566938e-04  -2.717498e-05   1.694265e-15   1.888276e-15   5.706754e-04

# timestamp: 1769121471.8028286
 8.035772e-03  -2.380345e-06   1.424095e-06   2.852375e-02  -7.618944e-06   4.569994e-06   7.440127e-06   8.292101e-06   1.379754e-05
-2.380345e-06   8.042568e-03   4.491905e-07  -7.625925e-06   2.854558e-02   1.438525e-06  -3.666192e-06  -4.086010e-06  -4.874801e-05
