# ekf covariance log started at 1769121343.80348
# timestamp: 1769121347.918966
 1.000110e+00   0.000000e+00   0.000000e+00   1.000100e-02   0.000000e+00   0.000000e+00   0.000000e+00   0.000000e+00   0.000000e+00
 0.000000e+00   1.000110e+00   0.000000e+00   0.000000e+00   1.000100e-02   0.000000e+00   0.000000e+00   0.000000e+00   0.000000e+00
 0.000000e+00   0.000000e+00   1.000110e+00   0.000000e+00   0.000000e+00   1.000100e-02   0.000000e+00   0.000000e+00   0.000000e+00
 1.000100e-02   0.000000e+00   0.000000e+00   1.000100e+00   0.000000e+00   0.000000e+00   0.000000e+00   0.000000e+00   0.000000e+00
 0.000000e+00   1.000100e-02   0.000000e+00   0.000000e+00   1.000100e+00   0.000000e+00   0.000000e+00   0.000000e+00   0.000000e+00
 0.000000e+00   0.000000e+00   1.000100e-02   0.000000e+00   0.000000e+00   1.000100e+00   0.000000e+00   0.000000e+00   0.000000e+00
 0.000000e+00   0.000000e+00   0.000000e+00   0.000000e+00   0.000000e+00   0.000000e+00   1.000100e+00   0.000000e+00   0.000000e+00
 0.000000e+00   0.000000e+00   0.000000e+00   0.000000e+00   0.000000e+00   0.000000e+00   0.000000e+00   1.000100e+00   0.000000e+00
 0.000000e+00   0.000000e+00   0.000000e+00   0.000000e+00   0.000000e+00   0.000000e+00   0.000000e+00   0.000000e+00   1.000100e+00

# timestamp: 1769121347.9404454
 1.000930e+00   0.000000e+00   0.000000e+00   3.000600e-02   0.000000e+00   0.000000e+00   0.000000e+00   0.000000e+00   0.000000e+00
 0.000000e+00   1.000930e+00   0.000000e+00   0.000000e+00   3.000600e-02   0.000000e+00   0.000000e+00   0.000000e+00   0.000000e+00
 0.000000e+00   0.000000e+00   1.000930e+00   0.000000e+00   0.000000e+00   3.000600e-02   0.000000e+00   0.000000e+00   0.000000e+00
 3.000600e-02   0.000000e+00   0.000000e+00   1.000300e+00   0.000000e+00   0.000000e+00   0.000000e+00   0.000000e+00   0.000000e+00
 0.000000e+00   3.000600e-02   0.000000e+00   0.000000e+00   1.000300e+00   0.000000e+00   0.000000e+00   0.000000e+00   0.000000e+00
 0.000000e+00   0.000000e+00   3.000600e-02   0.000000e+00   0.000000e+00   1.000300e+00   0.000000e+00   0.000000e+00   0.000000e+00
 0.000000e+00   0.000000e+00   0.000000e+00   0.000000e+00   0.000000e+00   0.000000e+00   1.000300e+00   0.000000e+00   0.000000e+00
 0.000000e+00   0.000000e+00   0.000000e+00   0.000000e+00   0.000000e+00   0.000000e+00   0.000000e+00   1.000300e+00   0.000000e+00
 0.000000e+00   0.000000e+00   0.000000e+00   0.000000e+00   0.000000e+00   0.000000e+00   0.000000e+00   0.000000e+00   1.000300e+00

# timestamp: 1769121347.9619017
 1.002551e+00   0.000000e+00   0.000000e+00   5.001500e-02   0.000000e+00   0.000000e+00   0.000000e+00   0.000000e+00   0.000000e+00
 0.000000e+00   1.002551e+00   0.000000e+00   0.000000e+00   5.001500e-02   0.000000e+00   0.000000e+00   0.000000e+00   0.000000e+00
 0.000000e+00   0.000000e+00   1.002551e+00   0.000000e+00   0.000000e+00   5.001500e-02   0.000000e+00   0.000000e+00   0.000000e+00
 5.001500e-02   0.000000e+00   0.000000e+00   1.000500e+00   0.000000e+00   0.000000e+00   0.000000e+00   0.000000e+00   0.000000e+00
 0.000000e+00   5.001500e-02   0.000000e+00   0.000000e+00   1.000500e+00   0.000000e+00   0.000000e+00   0.000000e+00   0.000000e+00
 0.000000e+00   0.000000e+00   5.001500e-02   0.000000e+00   0.000000e+00   1.000500e+00   0.000000e+00   0.000000e+00   0.000000e+00
 0.000000e+00   0.000000e+00   0.000000e+00   0.000000e+00   0.000000e+00   0.000000e+00   1.000500e+00   0.000000e+00   0.000000e+00
 0.000000e+00   0.000000e+00   0.000000e+00   0.000000e+00   0.000000e+00   0.000000e+00   0.000000e+00   1.000500e+00   0.000000e+00
 0.000000e+00   0.000000e+00   0.000000e+00   0.000000e+00   0.000000e+00   0.000000e+00   0.000000e+00   0.000000e+00   1.000500e+00

# timestamp: 1769121347.9772012
 1.003661e+00   0.000000e+00   0.000000e+00   6.002100e-02   0.000000e+00   0.000000e+00   0.000000e+00   0.000000e+00   0.000000e+00
 0.000000e+00   1.003661e+00   0.000000e+00   0.000000e+00   6.002100e-02   0.000000e+00   0.000000e+00   0.000000e+00   0.000000e+00
 0.000000e+00   0.000000e+00   1.003661e+00   0.000000e+00   0.000000e+00   6.002100e-02   0.000000e+00   0.000000e+00   0.000000e+00
 6.002100e-02   0.000000e+00   0.000000e+00   1.000600e+00   0.000000e+00   0.000000e+00   0.000000e+00   0.000000e+00   0.000000e+00
 0.000000e+00   6.002100e-02   0.000000e+00   0.000000e+00   1.000600e+00   0.000000e+00   0.000000e+00   0.000000e+00   0.000000e+00
 0.000000e+00   0.000000e+00   6.002100e-02   0.000000e+00   0.000000e+00   1.000600e+00   0.000000e+00   0.000000e+00   0.000000e+00
 0.000000e+00   0.000000e+00   0.000000e+00   0.000000e+00   0.000000e+00   0.000000e+00   1.000600e+00   0.000000e+00   0.000000e+00
 0.000000e+00   0.000000e+00   0.000000e+00   0.000000e+00   0.000000e+00   0.000000e+00   0.000000e+00   1.000600e+00   0.000000e+00
 0.000000e+00   0.000000e+00   0.000000e+00   0.000000e+00   0.000000e+00   0.000000e+00   0.000000e+00   0.000000e+00   1.000600e+00

# timestamp: 1769121347.9964943
 1.006482e+00   0.000000e+00   0.000000e+00   8.003600e-02   0.000000e+00   0.000000e+00   0.000000e+00   0.000000e+00   0.000000e+00
 0.000000e+00   1.006482e+00   0.000000e+00   0.000000e+00   8.003600e-02   0.000000e+00   0.000000e+00   0.000000e+00   0.000000e+00
 0.000000e+00   0.000000e+00   1.006482e+00   0.000000e+00   0.000000e+00   8.003600e-02   0.000000e+00   0.000000e+00   0.000000e+00
 8.003600e-02   0.000000e+00   0.000000e+00   1.000800e+00   0.000000e+00   0.000000e+00   0.000000e+00   0.000000e+00   0.000000e+00
 0.000000e+00   8.003600e-02   0.000000e+00   0.000000e+00   1.000800e+00   0.000000e+00   0.000000e+00   0.000000e+00   0.000000e+00
 0.000000e+00   0.000000e+00   8.003600e-02   0.000000e+00   0.000000e+00   1.000800e+00   0.000000e+00   0.000000e+00   0.000000e+00
 0.000000e+00   0.000000e+00   0.000000e+00   0.000000e+00   0.000000e+00   0.000000e+00   1.000800e+00   0.000000e+00   0.000000e+00
 0.000000e+00   0.000000e+00   0.000000e+00   0.000000e+00   0.000000e+00   0.000000e+00   0.000000e+00   1.000800e+00   0.000000e+00
 0.000000e+00   0.000000e+00   0.000000e+00   0.000000e+00   0.000000e+00   0.000000e+00   0.000000e+00   0.000000e+00   1.000800e+00

# timestamp: 1769121348.0136125
 1.010104e+00   0.000000e+00   0.000000e+00   1.000550e-01   0.000000e+00   0.000000e+00   0.000000e+00   0.000000e+00   0.000000e+00
 0.000000e+00   1.010104e+00   0.000000e+00   0.000000e+00   1.000550e-01   0.000000e+00   0.000000e+00   0.000000e+00   0.000000e+00
 0.000000e+00   0.000000e+00   1.010104e+00   0.000000e+00   0.000000e+00   1.000550e-01   0.000000e+00   0.000000e+00   0.000000e+00
 1.000550e-01   0.000000e+00   0.000000e+00   1.001000e+00   0.000000e+00   0.000000e+00   0.000000e+00   0.000000e+00   0.000000e+00
 0.000000e+00   1.000550e-01   0.000000e+00   0.000000e+00   1.001000e+00   0.000000e+00   0.000000e+00   0.000000e+00   0.000000e+00
 0.000000e+00   0.000000e+00   1.000550e-01   0.000000e+00   0.000000e+00   1.001000e+00   0.000000e+00   0.000000e+00   0.000000e+00
 0.000000e+00   0.000000e+00   0.000000e+00   0.000000e+00   0.000000e+00   0.000000e+00   1.001000e+00   0.000000e+00   0.000000e+00
 0.000000e+00   0.000000e+00   0.000000e+00   0.000000e+00   0.000000e+00   0.000000e+00   0.000000e+00   1.001000e+00   0.000000e+00
 0.000000e+00   0.000000e+00   0.000000e+00   0.000000e+00   0.000000e+00   0.000000e+00   0.000000e+00   0.000000e+00   1.001000e+00

# timestamp: 1769121348.0283287
 2.185997e-02   1.318168e-02   0.000000e+00   1.225491e-02   1.431790e-03   0.000000e+00   0.000000e+00   0.000000e+00  -1.073674e-01
 1.318168e-02   2.472377e-02   0.000000e+00   1.431790e-03   1.256597e-02   0.000000e+00   0.000000e+00   0.000000e+00  -1.196621e-01
 0.000000e+00   0.000000e+00   3.655110e-02   0.000000e+00   0.000000e+00   1.385065e-02   1.073674e-01   1.196621e-01   0.000000e+00
 1.225491e-02   1.431790e-03   0.000000e+00   9.894883e-01   1.555205e-04   0.000000e+00   0.000000e+00   0.000000e+00  -1.166221e-02
 1.431790e-03   1.256597e-02   0.000000e+00   1.555205e-04   9.895221e-01   0.000000e+00   0.000000e+00   0.000000e+00  -1.299766e-02
 0.000000e+00   0.000000e+00   1.385065e-02   0.000000e+00   0.000000e+00   9.896616e-01   1.166221e-02   1.299766e-02   0.000000e+00
 0.000000e+00   0.000000e+00   1.073674e-01   0.000000e+00   0.000000e+00   1.166221e-02   9.894126e-01  -1.313715e-02   0.000000e+00
 0.000000e+00   0.000000e+00   1.196621e-01   0.000000e+00   0.000000e+00   1.299766e-02  -1.313715e-02   9.865585e-01   0.000000e+00
-1.073674e-01  -1.196621e-01   0.000000e+00  -1.166221e-02  -1.299766e-02   0.000000e+00   0.000000e+00   0.000000e+00   9.747711e-01

# timestamp: 1769121348.0483043
 2.221403e-02   1.321034e-02   0.000000e+00   2.215079e-02   1.433345e-03   0.000000e+00   0.000000e+00   0.000000e+00  -1.074840e-01
 1.321034e-02   2.508405e-02   0.000000e+00   1.433345e-03   2.246219e-02   0.000000e+00   0.000000e+00   0.000000e+00  -1.197921e-01
 0.000000e+00   0.000000e+00   3.693709e-02   0.000000e+00   0.000000e+00   2.374827e-02   1.074840e-01   1.197921e-01   0.000000e+00
 2.215079e-02   1.433345e-03   0.000000e+00   9.895883e-01   1.555205e-04   0.000000e+00   0.000000e+00   0.000000e+00  -1.166221e-02
 1.433345e-03   2.246219e-02   0.000000e+00   1.555205e-04   9.896221e-01   0.000000e+00   0.000000e+00   0.000000e+00  -1.299766e-02
 0.000000e+00   0.000000e+00   2.374827e-02   0.000000e+00   0.000000e+00   9.897616e-01   1.166221e-02   1.299766e-02   0.000000e+00
 0.000000e+00   0.000000e+00   1.074840e-01   0.000000e+00   0.000000e+00   1.166221e-02   9.895126e-01  -1.313715e-02   0.000000e+00
 0.000000e+00   0.000000e+00   1.197921e-01   0.000000e+00   0.000000e+00   1.299766e-02  -1.313715e-02   9.866585e-01   0.000000e+00
-1.074840e-01  -1.197921e-01   0.000000e+00  -1.166221e-02  -1.299766e-02   0.000000e+00   0.000000e+00   0.000000e+00   9.748711e-01

# timestamp: 1769121348.0621476
 2.351595e-02   1.326773e-02   0.000000e+00   4.194556e-02   1.436456e-03   0.000000e+00   0.000000e+00   0.000000e+00  -1.077173e-01
 1.326773e-02   2.639844e-02   0.000000e+00   1.436456e-03   4.225764e-02   0.000000e+00   0.000000e+00   0.000000e+00  -1.200520e-01
 0.000000e+00   0.000000e+00   3.830297e-02   0.000000e+00   0.000000e+00   4.354650e-02   1.077173e-01   1.200520e-01   0.000000e+00
 4.194556e-02   1.436456e-03   0.000000e+00   9.897883e-01   1.555205e-04   0.000000e+00   0.000000e+00   0.000000e+00  -1.166221e-02
 1.436456e-03   4.225764e-02   0.000000e+00   1.555205e-04   9.898221e-01   0.000000e+00   0.000000e+00   0.000000e+00  -1.299766e-02
 0.000000e+00   0.000000e+00   4.354650e-02   0.000000e+00   0.000000e+00   9.899616e-01   1.166221e-02   1.299766e-02   0.000000e+00
 0.000000e+00   0.000000e+00   1.077173e-01   0.000000e+00   0.000000e+00   1.166221e-02   9.897126e-01  -1.313715e-02   0.000000e+00
 0.000000e+00   0.000000e+00   1.200520e-01   0.000000e+00   0.000000e+00   1.299766e-02  -1.313715e-02   9.868585e-01   0.000000e+00
-1.077173e-01  -1.200520e-01   0.000000e+00  -1.166221e-02  -1.299766e-02   0.000000e+00   0.000000e+00   0.000000e+00   9.750711e-01

# timestamp: 1769121348.0768113
 2.446385e-02   1.329648e-02   0.000000e+00   5.184444e-02   1.438011e-03   0.000000e+00   0.000000e+00   0.000000e+00  -1.078339e-01
 1.329648e-02   2.735258e-02   0.000000e+00   1.438011e-03   5.215686e-02   0.000000e+00   0.000000e+00   0.000000e+00  -1.201820e-01
 0.000000e+00   0.000000e+00   3.928291e-02   0.000000e+00   0.000000e+00   5.344712e-02   1.078339e-01   1.201820e-01   0.000000e+00
 5.184444e-02   1.438011e-03   0.000000e+00   9.898883e-01   1.555205e-04   0.000000e+00   0.000000e+00   0.000000e+00  -1.166221e-02
 1.438011e-03   5.215686e-02   0.000000e+00   1.555205e-04   9.899221e-01   0.000000e+00   0.000000e+00   0.000000e+00  -1.299766e-02
 0.000000e+00   0.000000e+00   5.344712e-02   0.000000e+00   0.000000e+00   9.900616e-01   1.166221e-02   1.299766e-02   0.000000e+00
 0.000000e+00   0.000000e+00   1.078339e-01   0.000000e+00   0.000000e+00   1.166221e-02   9.898126e-01  -1.313715e-02   0.000000e+00
 0.000000e+00   0.000000e+00   1.201820e-01   0.000000e+00   0.000000e+00   1.299766e-02  -1.313715e-02   9.869585e-01   0.000000e+00
-1.078339e-01  -1.201820e-01   0.000000e+00  -1.166221e-02  -1.299766e-02   0.000000e+00   0.000000e+00   0.000000e+00   9.751711e-01

# timestamp: 1769121348.0919547
 2.695363e-02   1.335406e-02   0.000000e+00   7.164521e-02   1.441121e-03   0.000000e+00   0.000000e+00   0.000000e+00  -1.080671e-01
 1.335406e-02   2.985488e-02   0.000000e+00   1.441121e-03   7.195830e-02   0.000000e+00   0.000000e+00   0.000000e+00  -1.204420e-01
 0.000000e+00   0.000000e+00   4.183687e-02   0.000000e+00   0.000000e+00   7.325135e-02   1.080671e-01   1.204420e-01   0.000000e+00
 7.164521e-02   1.441121e-03   0.000000e+00   9.900883e-01   1.555205e-04   0.000000e+00   0.000000e+00   0.000000e+00  -1.166221e-02
 1.441121e-03   7.195830e-02   0.000000e+00   1.555205e-04   9.901221e-01   0.000000e+00   0.000000e+00   0.000000e+00  -1.299766e-02
 0.000000e+00   0.000000e+00   7.325135e-02   0.000000e+00   0.000000e+00   9.902616e-01   1.166221e-02   1.299766e-02   0.000000e+00
 0.000000e+00   0.000000e+00   1.080671e-01   0.000000e+00   0.000000e+00   1.166221e-02   9.900126e-01  -1.313715e-02   0.000000e+00
 0.000000e+00   0.000000e+00   1.204420e-01   0.000000e+00   0.000000e+00   1.299766e-02  -1.313715e-02   9.871585e-01   0.000000e+00
-1.080671e-01  -1.204420e-01   0.000000e+00  -1.166221e-02  -1.299766e-02   0.000000e+00   0.000000e+00   0.000000e+00   9.753711e-01

# timestamp: 1769121348.1085973
 3.023552e-02   1.341177e-02   0.000000e+00   9.144997e-02   1.444232e-03   0.000000e+00   0.000000e+00   0.000000e+00  -1.083004e-01
 1.341177e-02   3.314931e-02   0.000000e+00   1.444232e-03   9.176374e-02   0.000000e+00   0.000000e+00   0.000000e+00  -1.207019e-01
 0.000000e+00   0.000000e+00   4.518308e-02   0.000000e+00   0.000000e+00   9.305958e-02   1.083004e-01   1.207019e-01   0.000000e+00
 9.144997e-02   1.444232e-03   0.000000e+00   9.902883e-01   1.555205e-04   0.000000e+00   0.000000e+00   0.000000e+00  -1.166221e-02
 1.444232e-03   9.176374e-02   0.000000e+00   1.555205e-04   9.903221e-01   0.000000e+00   0.000000e+00   0.000000e+00  -1.299766e-02
 0.000000e+00   0.000000e+00   9.305958e-02   0.000000e+00   0.000000e+00   9.904616e-01   1.166221e-02   1.299766e-02   0.000000e+00
 0.000000e+00   0.000000e+00   1.083004e-01   0.000000e+00   0.000000e+00   1.166221e-02   9.902126e-01  -1.313715e-02   0.000000e+00
 0.000000e+00   0.000000e+00   1.207019e-01   0.000000e+00   0.000000e+00   1.299766e-02  -1.313715e-02   9.873585e-01   0.000000e+00
-1.083004e-01  -1.207019e-01   0.000000e+00  -1.166221e-02  -1.299766e-02   0.000000e+00   0.000000e+00   0.000000e+00   9.755711e-01

# timestamp: 1769121348.1249433
 3.217356e-02   1.344067e-02   0.000000e+00   1.013539e-01   1.445787e-03   0.000000e+00   0.000000e+00   0.000000e+00  -1.084170e-01
 1.344067e-02   3.509362e-02   0.000000e+00   1.445787e-03   1.016680e-01   0.000000e+00   0.000000e+00   0.000000e+00  -1.208319e-01
 0.000000e+00   0.000000e+00   4.715333e-02   0.000000e+00   0.000000e+00   1.029652e-01   1.084170e-01   1.208319e-01   0.000000e+00
 1.013539e-01   1.445787e-03   0.000000e+00   9.903883e-01   1.555205e-04   0.000000e+00   0.000000e+00   0.000000e+00  -1.166221e-02
 1.445787e-03   1.016680e-01   0.000000e+00   1.555205e-04   9.904221e-01   0.000000e+00   0.000000e+00   0.000000e+00  -1.299766e-02
 0.000000e+00   0.000000e+00   1.029652e-01   0.000000e+00   0.000000e+00   9.905616e-01   1.166221e-02   1.299766e-02   0.000000e+00
 0.000000e+00   0.000000e+00   1.084170e-01   0.000000e+00   0.000000e+00   1.166221e-02   9.903126e-01  -1.313715e-02   0.000000e+00
 0.000000e+00   0.000000e+00   1.208319e-01   0.000000e+00   0.000000e+00   1.299766e-02  -1.313715e-02   9.874585e-01   0.000000e+00
-1.084170e-01  -1.208319e-01   0.000000e+00  -1.166221e-02  -1.299766e-02   0.000000e+00   0.000000e+00   0.000000e+00   9.756711e-01

# timestamp: 1769121348.138303
 2.034613e-02   1.347839e-02  -2.829756e-04   4.757459e-02   1.521870e-03  -3.162793e-05  -1.132201e-03  -1.261850e-03  -1.084324e-01
 1.347839e-02   2.337366e-02   2.510934e-04   1.303906e-03   4.811140e-02   2.529174e-05   1.007156e-03   1.122486e-03  -1.212922e-01
-2.829756e-04   2.510934e-04   3.540719e-02  -1.275509e-03   1.141370e-03   4.925929e-02   1.086038e-01   1.210401e-01   9.715141e-06
 4.757459e-02   1.303906e-03  -1.275509e-03   6.583041e-01   2.407892e-04  -1.364680e-04  -5.108915e-03  -5.693940e-03  -1.067930e-02
 1.521870e-03   4.811140e-02   1.141370e-03   2.407892e-04   6.584045e-01   1.218172e-04   4.571907e-03   5.095439e-03  -1.390706e-02
-3.162793e-05   2.529174e-05   4.925929e-02  -1.364680e-04   1.218172e-04   6.585956e-01   1.160804e-02   1.293729e-02   1.347596e-05
-1.132201e-03   1.007156e-03   1.086038e-01  -5.108915e-03   4.571907e-03   1.160804e-02   9.903712e-01  -1.329478e-02   2.762219e-05
-1.261850e-03   1.122486e-03   1.210401e-01  -5.693940e-03   5.095439e-03   1.293729e-02  -1.329478e-02   9.874828e-01   3.078523e-05
-1.084324e-01  -1.212922e-01   9.715141e-06  -1.067930e-02  -1.390706e-02   1.347596e-05   2.762219e-05   3.078523e-05   9.758657e-01

# timestamp: 1769121348.156993
 2.137347e-02   1.350668e-02  -2.960606e-04   5.415863e-02   1.524278e-03  -3.299261e-05  -1.183290e-03  -1.318790e-03  -1.085392e-01
 1.350668e-02   2.441174e-02   2.627722e-04   1.306314e-03   5.469644e-02   2.650991e-05   1.052875e-03   1.173441e-03  -1.214313e-01
-2.960606e-04   2.627722e-04   3.646824e-02  -1.276873e-03   1.142588e-03   5.584625e-02   1.087198e-01   1.211694e-01   9.849901e-06
 5.415863e-02   1.306314e-03  -1.276873e-03   6.584041e-01   2.407892e-04  -1.364680e-04  -5.108915e-03  -5.693940e-03  -1.067930e-02
 1.524278e-03   5.469644e-02   1.142588e-03   2.407892e-04   6.585045e-01   1.218172e-04   4.571907e-03   5.095439e-03  -1.390706e-02
-3.299261e-05   2.650991e-05   5.584625e-02  -1.364680e-04   1.218172e-04   6.586956e-01   1.160804e-02   1.293729e-02   1.347596e-05
-1.183290e-03   1.052875e-03   1.087198e-01  -5.108915e-03   4.571907e-03   1.160804e-02   9.904712e-01  -1.329478e-02   2.762219e-05
-1.318790e-03   1.173441e-03   1.211694e-01  -5.693940e-03   5.095439e-03   1.293729e-02  -1.329478e-02   9.875828e-01   3.078523e-05
-1.085392e-01  -1.214313e-01   9.849901e-06  -1.067930e-02  -1.390706e-02   1.347596e-05   2.762219e-05   3.078523e-05   9.759657e-01

# timestamp: 1769121348.1709893
 2.382322e-02   1.356338e-02  -3.223125e-04   6.732971e-02   1.529093e-03  -3.572197e-05  -1.285469e-03  -1.432669e-03  -1.087528e-01
 1.356338e-02   2.688305e-02   2.862028e-04   1.311130e-03   6.786953e-02   2.894626e-05   1.144313e-03   1.275349e-03  -1.217094e-01
-3.223125e-04   2.862028e-04   3.898562e-02  -1.279603e-03   1.145024e-03   6.902316e-02   1.089520e-01   1.214282e-01   1.011942e-05
 6.732971e-02   1.311130e-03  -1.279603e-03   6.586041e-01   2.407892e-04  -1.364680e-04  -5.108915e-03  -5.693940e-03  -1.067930e-02
 1.529093e-03   6.786953e-02   1.145024e-03   2.407892e-04   6.587045e-01   1.218172e-04   4.571907e-03   5.095439e-03  -1.390706e-02
-3.572197e-05   2.894626e-05   6.902316e-02  -1.364680e-04   1.218172e-04   6.588956e-01   1.160804e-02   1.293729e-02   1.347596e-05
-1.285469e-03   1.144313e-03   1.089520e-01  -5.108915e-03   4.571907e-03   1.160804e-02   9.906712e-01  -1.329478e-02   2.762219e-05
-1.432669e-03   1.275349e-03   1.214282e-01  -5.693940e-03   5.095439e-03   1.293729e-02  -1.329478e-02   9.877828e-01   3.078523e-05
-1.087528e-01  -1.217094e-01   1.011942e-05  -1.067930e-02  -1.390706e-02   1.347596e-05   2.762219e-05   3.078523e-05   9.761657e-01

# timestamp: 1769121348.1840122
 2.524569e-02   1.359181e-02  -3.354794e-04   7.391675e-02   1.531501e-03  -3.708665e-05  -1.336558e-03  -1.489608e-03  -1.088596e-01
 1.359181e-02   2.831632e-02   2.979547e-04   1.313538e-03   7.445758e-02   3.016443e-05   1.190032e-03   1.326304e-03  -1.218485e-01
-3.354794e-04   2.979547e-04   4.044198e-02  -1.280967e-03   1.146242e-03   7.561311e-02   1.090681e-01   1.215576e-01   1.025418e-05
 7.391675e-02   1.313538e-03  -1.280967e-03   6.587041e-01   2.407892e-04  -1.364680e-04  -5.108915e-03  -5.693940e-03  -1.067930e-02
 1.531501e-03   7.445758e-02   1.146242e-03   2.407892e-04   6.588045e-01   1.218172e-04   4.571907e-03   5.095439e-03  -1.390706e-02
-3.708665e-05   3.016443e-05   7.561311e-02  -1.364680e-04   1.218172e-04   6.589956e-01   1.160804e-02   1.293729e-02   1.347596e-05
-1.336558e-03   1.190032e-03   1.090681e-01  -5.108915e-03   4.571907e-03   1.160804e-02   9.907712e-01  -1.329478e-02   2.762219e-05
-1.489608e-03   1.326304e-03   1.215576e-01  -5.693940e-03   5.095439e-03   1.293729e-02  -1.329478e-02   9.878828e-01   3.078523e-05
-1.088596e-01  -1.218485e-01   1.025418e-05  -1.067930e-02  -1.390706e-02   1.347596e-05   2.762219e-05   3.078523e-05   9.762657e-01

# timestamp: 1769121348.1971169
 2.679990e-02   1.362028e-02  -3.486736e-04   8.050479e-02   1.533909e-03  -3.845133e-05  -1.387647e-03  -1.546548e-03  -1.089664e-01
 1.362028e-02   2.988136e-02   3.097310e-04   1.315945e-03   8.104662e-02   3.138260e-05   1.235751e-03   1.377258e-03  -1.219875e-01
-3.486736e-04   3.097310e-04   4.203016e-02  -1.282332e-03   1.147460e-03   8.220407e-02   1.091842e-01   1.216869e-01   1.038894e-05
 8.050479e-02   1.315945e-03  -1.282332e-03   6.588041e-01   2.407892e-04  -1.364680e-04  -5.108915e-03  -5.693940e-03  -1.067930e-02
 1.533909e-03   8.104662e-02   1.147460e-03   2.407892e-04   6.589045e-01   1.218172e-04   4.571907e-03   5.095439e-03  -1.390706e-02
-3.845133e-05   3.138260e-05   8.220407e-02  -1.364680e-04   1.218172e-04   6.590956e-01   1.160804e-02   1.293729e-02   1.347596e-05
-1.387647e-03   1.235751e-03   1.091842e-01  -5.108915e-03   4.571907e-03   1.160804e-02   9.908712e-01  -1.329478e-02   2.762219e-05
-1.546548e-03   1.377258e-03   1.216869e-01  -5.693940e-03   5.095439e-03   1.293729e-02  -1.329478e-02   9.879828e-01   3.078523e-05
-1.089664e-01  -1.219875e-01   1.038894e-05  -1.067930e-02  -1.390706e-02   1.347596e-05   2.762219e-05   3.078523e-05   9.763657e-01

# timestamp: 1769121348.2093005
 2.848589e-02   1.364881e-02  -3.618951e-04   8.709384e-02   1.536317e-03  -3.981601e-05  -1.438736e-03  -1.603487e-03  -1.090732e-01
 1.364881e-02   3.157819e-02   3.215316e-04   1.318353e-03   8.763667e-02   3.260077e-05   1.281470e-03   1.428213e-03  -1.221266e-01
-3.618951e-04   3.215316e-04   4.375016e-02  -1.283697e-03   1.148679e-03   8.879602e-02   1.093002e-01   1.218163e-01   1.052370e-05
 8.709384e-02   1.318353e-03  -1.283697e-03   6.589041e-01   2.407892e-04  -1.364680e-04  -5.108915e-03  -5.693940e-03  -1.067930e-02
 1.536317e-03   8.763667e-02   1.148679e-03   2.407892e-04   6.590045e-01   1.218172e-04   4.571907e-03   5.095439e-03  -1.390706e-02
-3.981601e-05   3.260077e-05   8.879602e-02  -1.364680e-04   1.218172e-04   6.591956e-01   1.160804e-02   1.293729e-02   1.347596e-05
-1.438736e-03   1.281470e-03   1.093002e-01  -5.108915e-03   4.571907e-03   1.160804e-02   9.909712e-01  -1.329478e-02   2.762219e-05
-1.603487e-03   1.428213e-03   1.218163e-01  -5.693940e-03   5.095439e-03   1.293729e-02  -1.329478e-02   9.880828e-01   3.078523e-05
-1.090732e-01  -1.221266e-01   1.052370e-05  -1.067930e-02  -1.390706e-02   1.347596e-05   2.762219e-05   3.078523e-05   9.764657e-01

# timestamp: 1769121348.2221901
 3.225325e-02   1.370600e-02  -3.884199e-04   1.002749e-01   1.541133e-03  -4.254537e-05  -1.540915e-03  -1.717366e-03  -1.092867e-01
 1.370600e-02   3.536731e-02   3.452059e-04   1.323169e-03   1.008198e-01   3.503712e-05   1.372909e-03   1.530121e-03  -1.224048e-01
-3.884199e-04   3.452059e-04   4.758573e-02  -1.286426e-03   1.151115e-03   1.019829e-01   1.095324e-01   1.220750e-01   1.079322e-05
 1.002749e-01   1.323169e-03  -1.286426e-03   6.591041e-01   2.407892e-04  -1.364680e-04  -5.108915e-03  -5.693940e-03  -1.067930e-02
 1.541133e-03   1.008198e-01   1.151115e-03   2.407892e-04   6.592045e-01   1.218172e-04   4.571907e-03   5.095439e-03  -1.390706e-02
-4.254537e-05   3.503712e-05   1.019829e-01  -1.364680e-04   1.218172e-04   6.593956e-01   1.160804e-02   1.293729e-02   1.347596e-05
-1.540915e-03   1.372909e-03   1.095324e-01  -5.108915e-03   4.571907e-03   1.160804e-02   9.911712e-01  -1.329478e-02   2.762219e-05
-1.717366e-03   1.530121e-03   1.220750e-01  -5.693940e-03   5.095439e-03   1.293729e-02  -1.329478e-02   9.882828e-01   3.078523e-05
-1.092867e-01  -1.224048e-01   1.079322e-05  -1.067930e-02  -1.390706e-02   1.347596e-05   2.762219e-05   3.078523e-05   9.766657e-01

# timestamp: 1769121348.2353783
 1.895907e-02   1.351971e-02  -4.072044e-04   3.371497e-02   1.043286e-03  -3.018429e-05  -1.627163e-03  -1.813491e-03  -1.085767e-01
 1.351971e-02   2.203942e-02   3.619104e-04   8.170492e-04   3.415469e-02   2.376040e-05   1.449960e-03   1.615996e-03  -1.216480e-01
-4.072044e-04   3.619104e-04   3.408684e-02  -1.319067e-03   1.180206e-03   3.486467e-02   1.088377e-01   1.213008e-01   1.115782e-05
 3.371497e-02   8.170492e-04  -1.319067e-03   3.111541e-01   3.036756e-04  -9.451129e-05  -5.277515e-03  -5.881847e-03  -6.822660e-03
 1.043286e-03   3.415469e-02   1.180206e-03   3.036756e-04   3.112534e-01   8.433994e-05   4.722213e-03   5.262957e-03  -9.678380e-03
-3.018429e-05   2.376040e-05   3.486467e-02  -9.451129e-05   8.433994e-05   3.115084e-01   7.780778e-03   8.671760e-03   1.451401e-05
-1.627163e-03   1.449960e-03   1.088377e-01  -5.277515e-03   4.722213e-03   7.780778e-03   9.912290e-01  -1.334186e-02   2.767584e-05
-1.813491e-03   1.615996e-03   1.213008e-01  -5.881847e-03   5.262957e-03   8.671760e-03  -1.334186e-02   9.883304e-01   3.084502e-05
-1.085767e-01  -1.216480e-01   1.115782e-05  -6.822660e-03  -9.678380e-03   1.451401e-05   2.767584e-05   3.084502e-05   9.766716e-01

# timestamp: 1769121348.2537253
 2.045218e-02   1.355704e-02  -4.342273e-04   3.994105e-02   1.049360e-03  -3.207452e-05  -1.732714e-03  -1.931128e-03  -1.087132e-01
 1.355704e-02   2.355016e-02   3.860235e-04   8.231227e-04   4.038276e-02   2.544720e-05   1.544404e-03   1.721255e-03  -1.218416e-01
-4.342273e-04   3.860235e-04   3.562608e-02  -1.320957e-03   1.181893e-03   4.109784e-02   1.089934e-01   1.214743e-01   1.144810e-05
 3.994105e-02   8.231227e-04  -1.320957e-03   3.113541e-01   3.036756e-04  -9.451129e-05  -5.277515e-03  -5.881847e-03  -6.822660e-03
 1.049360e-03   4.038276e-02   1.181893e-03   3.036756e-04   3.114534e-01   8.433994e-05   4.722213e-03   5.262957e-03  -9.678380e-03
-3.207452e-05   2.544720e-05   4.109784e-02  -9.451129e-05   8.433994e-05   3.117084e-01   7.780778e-03   8.671760e-03   1.451401e-05
-1.732714e-03   1.544404e-03   1.089934e-01  -5.277515e-03   4.722213e-03   7.780778e-03   9.914290e-01  -1.334186e-02   2.767584e-05
-1.931128e-03   1.721255e-03   1.214743e-01  -5.881847e-03   5.262957e-03   8.671760e-03  -1.334186e-02   9.885304e-01   3.084502e-05
-1.087132e-01  -1.218416e-01   1.144810e-05  -6.822660e-03  -9.678380e-03   1.451401e-05   2.767584e-05   3.084502e-05   9.768716e-01

# timestamp: 1769121348.2669666
 2.129215e-02   1.357579e-02  -4.477670e-04   4.305559e-02   1.052397e-03  -3.301963e-05  -1.785489e-03  -1.989946e-03  -1.087814e-01
 1.357579e-02   2.439897e-02   3.981053e-04   8.261594e-04   4.349829e-02   2.629060e-05   1.591627e-03   1.773885e-03  -1.219383e-01
-4.477670e-04   3.981053e-04   3.648922e-02  -1.321902e-03   1.182737e-03   4.421592e-02   1.090712e-01   1.215610e-01   1.159324e-05
 4.305559e-02   8.261594e-04  -1.321902e-03   3.114541e-01   3.036756e-04  -9.451129e-05  -5.277515e-03  -5.881847e-03  -6.822660e-03
 1.052397e-03   4.349829e-02   1.182737e-03   3.036756e-04   3.115534e-01   8.433994e-05   4.722213e-03   5.262957e-03  -9.678380e-03
-3.301963e-05   2.629060e-05   4.421592e-02  -9.451129e-05   8.433994e-05   3.118084e-01   7.780778e-03   8.671760e-03   1.451401e-05
-1.785489e-03   1.591627e-03   1.090712e-01  -5.277515e-03   4.722213e-03   7.780778e-03   9.915290e-01  -1.334186e-02   2.767584e-05
-1.989946e-03   1.773885e-03   1.215610e-01  -5.881847e-03   5.262957e-03   8.671760e-03  -1.334186e-02   9.886304e-01   3.084502e-05
-1.087814e-01  -1.219383e-01   1.159324e-05  -6.822660e-03  -9.678380e-03   1.451401e-05   2.767584e-05   3.084502e-05   9.769716e-01

# timestamp: 1769121348.281713
 2.315901e-02   1.361348e-02  -4.749033e-04   4.928768e-02   1.058470e-03  -3.490986e-05  -1.891039e-03  -2.107583e-03  -1.089179e-01
 1.361348e-02   2.628357e-02   4.223196e-04   8.322329e-04   4.973236e-02   2.797740e-05   1.686071e-03   1.879144e-03  -1.221319e-01
-4.749033e-04   4.223196e-04   3.840263e-02  -1.323792e-03   1.184423e-03   5.045509e-02   1.092268e-01   1.217344e-01   1.188352e-05
 4.928768e-02   8.322329e-04  -1.323792e-03   3.116541e-01   3.036756e-04  -9.451129e-05  -5.277515e-03  -5.881847e-03  -6.822660e-03
 1.058470e-03   4.973236e-02   1.184423e-03   3.036756e-04   3.117534e-01   8.433994e-05   4.722213e-03   5.262957e-03  -9.678380e-03
-3.490986e-05   2.797740e-05   5.045509e-02  -9.451129e-05   8.433994e-05   3.120084e-01   7.780778e-03   8.671760e-03   1.451401e-05
-1.891039e-03   1.686071e-03   1.092268e-01  -5.277515e-03   4.722213e-03   7.780778e-03   9.917290e-01  -1.334186e-02   2.767584e-05
-2.107583e-03   1.879144e-03   1.217344e-01  -5.881847e-03   5.262957e-03   8.671760e-03  -1.334186e-02   9.888304e-01   3.084502e-05
-1.089179e-01  -1.221319e-01   1.188352e-05  -6.822660e-03  -9.678380e-03   1.451401e-05   2.767584e-05   3.084502e-05   9.771716e-01

# timestamp: 1769121348.2952256
 2.418594e-02   1.363242e-02  -4.884997e-04   5.240522e-02   1.061507e-03  -3.585497e-05  -1.943814e-03  -2.166402e-03  -1.089861e-01
 1.363242e-02   2.731940e-02   4.344520e-04   8.352697e-04   5.285090e-02   2.882080e-05   1.733293e-03   1.931773e-03  -1.222287e-01
-4.884997e-04   4.344520e-04   3.945294e-02  -1.324738e-03   1.185267e-03   5.357617e-02   1.093046e-01   1.218211e-01   1.202866e-05
 5.240522e-02   8.352697e-04  -1.324738e-03   3.117541e-01   3.036756e-04  -9.451129e-05  -5.277515e-03  -5.881847e-03  -6.822660e-03
 1.061507e-03   5.285090e-02   1.185267e-03   3.036756e-04   3.118534e-01   8.433994e-05   4.722213e-03   5.262957e-03  -9.678380e-03
-3.585497e-05   2.882080e-05   5.357617e-02  -9.451129e-05   8.433994e-05   3.121084e-01   7.780778e-03   8.671760e-03   1.451401e-05
-1.943814e-03   1.733293e-03   1.093046e-01  -5.277515e-03   4.722213e-03   7.780778e-03   9.918290e-01  -1.334186e-02   2.767584e-05
-2.166402e-03   1.931773e-03   1.218211e-01  -5.881847e-03   5.262957e-03   8.671760e-03  -1.334186e-02   9.889304e-01   3.084502e-05
-1.089861e-01  -1.222287e-01   1.202866e-05  -6.822660e-03  -9.678380e-03   1.451401e-05   2.767584e-05   3.084502e-05   9.772716e-01

# timestamp: 1769121348.3096166
 2.642690e-02   1.367048e-02  -5.157494e-04   5.864330e-02   1.067580e-03  -3.774520e-05  -2.049365e-03  -2.284039e-03  -1.091225e-01
 1.367048e-02   2.957823e-02   4.587675e-04   8.413432e-04   5.909096e-02   3.050760e-05   1.827737e-03   2.037033e-03  -1.224223e-01
-5.157494e-04   4.587675e-04   4.174088e-02  -1.326628e-03   1.186954e-03   5.982134e-02   1.094602e-01   1.219946e-01   1.231894e-05
 5.864330e-02   8.413432e-04  -1.326628e-03   3.119541e-01   3.036756e-04  -9.451129e-05  -5.277515e-03  -5.881847e-03  -6.822660e-03
 1.067580e-03   5.909096e-02   1.186954e-03   3.036756e-04   3.120534e-01   8.433994e-05   4.722213e-03   5.262957e-03  -9.678380e-03
-3.774520e-05   3.050760e-05   5.982134e-02  -9.451129e-05   8.433994e-05   3.123084e-01   7.780778e-03   8.671760e-03   1.451401e-05
-2.049365e-03   1.827737e-03   1.094602e-01  -5.277515e-03   4.722213e-03   7.780778e-03   9.920290e-01  -1.334186e-02   2.767584e-05
-2.284039e-03   2.037033e-03   1.219946e-01  -5.881847e-03   5.262957e-03   8.671760e-03  -1.334186e-02   9.891304e-01   3.084502e-05
-1.091225e-01  -1.224223e-01   1.231894e-05  -6.822660e-03  -9.678380e-03   1.451401e-05   2.767584e-05   3.084502e-05   9.774716e-01

# timestamp: 1769121348.3236992
 2.764097e-02   1.368960e-02  -5.294026e-04   6.176384e-02   1.070617e-03  -3.869031e-05  -2.102140e-03  -2.342857e-03  -1.091908e-01
 1.368960e-02   3.080127e-02   4.709506e-04   8.443800e-04   6.221250e-02   3.135100e-05   1.874959e-03   2.089662e-03  -1.225190e-01
-5.294026e-04   4.709506e-04   4.297855e-02  -1.327573e-03   1.187797e-03   6.294543e-02   1.095380e-01   1.220813e-01   1.246408e-05
 6.176384e-02   8.443800e-04  -1.327573e-03   3.120541e-01   3.036756e-04  -9.451129e-05  -5.277515e-03  -5.881847e-03  -6.822660e-03
 1.070617e-03   6.221250e-02   1.187797e-03   3.036756e-04   3.121534e-01   8.433994e-05   4.722213e-03   5.262957e-03  -9.678380e-03
-3.869031e-05   3.135100e-05   6.294543e-02  -9.451129e-05   8.433994e-05   3.124084e-01   7.780778e-03   8.671760e-03   1.451401e-05
-2.102140e-03   1.874959e-03   1.095380e-01  -5.277515e-03   4.722213e-03   7.780778e-03   9.921290e-01  -1.334186e-02   2.767584e-05
-2.342857e-03   2.089662e-03   1.220813e-01  -5.881847e-03   5.262957e-03   8.671760e-03  -1.334186e-02   9.892304e-01   3.084502e-05
-1.091908e-01  -1.225190e-01   1.246408e-05  -6.822660e-03  -9.678380e-03   1.451401e-05   2.767584e-05   3.084502e-05   9.775716e-01

# timestamp: 1769121348.336097
 2.891746e-02   1.370878e-02  -5.430747e-04   6.488538e-02   1.073654e-03  -3.963542e-05  -2.154915e-03  -2.401676e-03  -1.092590e-01
 1.370878e-02   3.208674e-02   4.831505e-04   8.474167e-04   6.533503e-02   3.219440e-05   1.922181e-03   2.142292e-03  -1.226158e-01
-5.430747e-04   4.831505e-04   4.427871e-02  -1.328518e-03   1.188640e-03   6.607051e-02   1.096158e-01   1.221680e-01   1.260922e-05
 6.488538e-02   8.474167e-04  -1.328518e-03   3.121541e-01   3.036756e-04  -9.451129e-05  -5.277515e-03  -5.881847e-03  -6.822660e-03
 1.073654e-03   6.533503e-02   1.188640e-03   3.036756e-04   3.122534e-01   8.433994e-05   4.722213e-03   5.262957e-03  -9.678380e-03
-3.963542e-05   3.219440e-05   6.607051e-02  -9.451129e-05   8.433994e-05   3.125084e-01   7.780778e-03   8.671760e-03   1.451401e-05
-2.154915e-03   1.922181e-03   1.096158e-01  -5.277515e-03   4.722213e-03   7.780778e-03   9.922290e-01  -1.334186e-02   2.767584e-05
-2.401676e-03   2.142292e-03   1.221680e-01  -5.881847e-03   5.262957e-03   8.671760e-03  -1.334186e-02   9.893304e-01   3.084502e-05
-1.092590e-01  -1.226158e-01   1.260922e-05  -6.822660e-03  -9.678380e-03   1.451401e-05   2.767584e-05   3.084502e-05   9.776716e-01

# timestamp: 1769121348.3496003
 1.942192e-02   1.356424e-02  -4.800599e-04   2.773250e-02   7.002965e-04  -2.393260e-05  -1.915935e-03  -2.135330e-03  -1.088301e-01
 1.356424e-02   2.250355e-02   4.269671e-04   5.862109e-04   2.799338e-02   1.889839e-05   1.708566e-03   1.904215e-03  -1.218922e-01
-4.800599e-04   4.269671e-04   3.459150e-02  -1.012531e-03   9.075335e-04   2.850186e-02   1.090638e-01   1.215528e-01   1.376440e-05
 2.773250e-02   5.862109e-04  -1.012531e-03   1.584120e-01   3.075675e-04  -5.044485e-05  -4.046115e-03  -4.509438e-03  -4.845464e-03
 7.002965e-04   2.799338e-02   9.075335e-04   3.075675e-04   1.584908e-01   4.509241e-05   3.626760e-03   4.042063e-03  -6.450881e-03
-2.393260e-05   1.889839e-05   2.850186e-02  -5.044485e-05   4.509241e-05   1.587600e-01   5.310334e-03   5.918425e-03   1.132638e-05
-1.915935e-03   1.708566e-03   1.090638e-01  -4.046115e-03   3.626760e-03   5.310334e-03   9.923717e-01  -1.340569e-02   3.476830e-05
-2.135330e-03   1.904215e-03   1.215528e-01  -4.509438e-03   4.042063e-03   5.918425e-03  -1.340569e-02   9.894592e-01   3.874964e-05
-1.088301e-01  -1.218922e-01   1.376440e-05  -4.845464e-03  -6.450881e-03   1.132638e-05   3.476830e-05   3.874964e-05   9.777786e-01

# timestamp: 1769121348.3731005
 2.061463e-02   1.359009e-02  -5.008094e-04   3.090374e-02   7.064479e-04  -2.494150e-05  -1.996857e-03  -2.225518e-03  -1.089270e-01
 1.359009e-02   2.370674e-02   4.455138e-04   5.923622e-04   3.116620e-02   1.980024e-05   1.781101e-03   1.985056e-03  -1.220212e-01
-5.008094e-04   4.455138e-04   3.581513e-02  -1.013539e-03   9.084354e-04   3.168006e-02   1.091700e-01   1.216712e-01   1.399093e-05
 3.090374e-02   5.923622e-04  -1.013539e-03   1.586120e-01   3.075675e-04  -5.044485e-05  -4.046115e-03  -4.509438e-03  -4.845464e-03
 7.064479e-04   3.116620e-02   9.084354e-04   3.075675e-04   1.586908e-01   4.509241e-05   3.626760e-03   4.042063e-03  -6.450881e-03
-2.494150e-05   1.980024e-05   3.168006e-02  -5.044485e-05   4.509241e-05   1.589600e-01   5.310334e-03   5.918425e-03   1.132638e-05
-1.996857e-03   1.781101e-03   1.091700e-01  -4.046115e-03   3.626760e-03   5.310334e-03   9.925717e-01  -1.340569e-02   3.476830e-05
-2.225518e-03   1.985056e-03   1.216712e-01  -4.509438e-03   4.042063e-03   5.918425e-03  -1.340569e-02   9.896592e-01   3.874964e-05
-1.089270e-01  -1.220212e-01   1.399093e-05  -4.845464e-03  -6.450881e-03   1.132638e-05   3.476830e-05   3.874964e-05   9.779786e-01

# timestamp: 1769121348.3905644
 2.193428e-02   1.361619e-02  -5.215992e-04   3.407898e-02   7.125992e-04  -2.595040e-05  -2.077779e-03  -2.315707e-03  -1.090239e-01
 1.361619e-02   2.503691e-02   4.640965e-04   5.985136e-04   3.434301e-02   2.070209e-05   1.853636e-03   2.065897e-03  -1.221502e-01
-5.215992e-04   4.640965e-04   3.716597e-02  -1.014548e-03   9.093372e-04   3.486226e-02   1.092763e-01   1.217896e-01   1.421746e-05
 3.407898e-02   5.985136e-04  -1.014548e-03   1.588120e-01   3.075675e-04  -5.044485e-05  -4.046115e-03  -4.509438e-03  -4.845464e-03
 7.125992e-04   3.434301e-02   9.093372e-04   3.075675e-04   1.588908e-01   4.509241e-05   3.626760e-03   4.042063e-03  -6.450881e-03
-2.595040e-05   2.070209e-05   3.486226e-02  -5.044485e-05   4.509241e-05   1.591600e-01   5.310334e-03   5.918425e-03   1.132638e-05
-2.077779e-03   1.853636e-03   1.092763e-01  -4.046115e-03   3.626760e-03   5.310334e-03   9.927717e-01  -1.340569e-02   3.476830e-05
-2.315707e-03   2.065897e-03   1.217896e-01  -4.509438e-03   4.042063e-03   5.918425e-03  -1.340569e-02   9.898592e-01   3.874964e-05
-1.090239e-01  -1.221502e-01   1.421746e-05  -4.845464e-03  -6.450881e-03   1.132638e-05   3.476830e-05   3.874964e-05   9.781786e-01

# timestamp: 1769121348.4053571
 2.264175e-02   1.362933e-02  -5.320092e-04   3.566810e-02   7.156749e-04  -2.645485e-05  -2.118240e-03  -2.360802e-03  -1.090723e-01
 1.362933e-02   2.574967e-02   4.734014e-04   6.015893e-04   3.593292e-02   2.115301e-05   1.889904e-03   2.106318e-03  -1.222147e-01
-5.320092e-04   4.734014e-04   3.788914e-02  -1.015053e-03   9.097882e-04   3.645486e-02   1.093294e-01   1.218487e-01   1.433072e-05
 3.566810e-02   6.015893e-04  -1.015053e-03   1.589120e-01   3.075675e-04  -5.044485e-05  -4.046115e-03  -4.509438e-03  -4.845464e-03
 7.156749e-04   3.593292e-02   9.097882e-04   3.075675e-04   1.589908e-01   4.509241e-05   3.626760e-03   4.042063e-03  -6.450881e-03
-2.645485e-05   2.115301e-05   3.645486e-02  -5.044485e-05   4.509241e-05   1.592600e-01   5.310334e-03   5.918425e-03   1.132638e-05
-2.118240e-03   1.889904e-03   1.093294e-01  -4.046115e-03   3.626760e-03   5.310334e-03   9.928717e-01  -1.340569e-02   3.476830e-05
-2.360802e-03   2.106318e-03   1.218487e-01  -4.509438e-03   4.042063e-03   5.918425e-03  -1.340569e-02   9.899592e-01   3.874964e-05
-1.090723e-01  -1.222147e-01   1.433072e-05  -4.845464e-03  -6.450881e-03   1.132638e-05   3.476830e-05   3.874964e-05   9.782786e-01

# timestamp: 1769121348.4211736
 2.415209e-02   1.365580e-02  -5.528595e-04   3.884934e-02   7.218262e-04  -2.746374e-05  -2.199163e-03  -2.450990e-03  -1.091692e-01
 1.365580e-02   2.727063e-02   4.920383e-04   6.077406e-04   3.911574e-02   2.205486e-05   1.962439e-03   2.187159e-03  -1.223437e-01
