# ekf covariance log started at 1770155712.1037555
# timestamp: 1770155714.1172483
 1.000000e+00   0.000000e+00   0.000000e+00   0.000000e+00   0.000000e+00   0.000000e+00   0.000000e+00   0.000000e+00   0.000000e+00
 0.000000e+00   1.000000e+00   0.000000e+00   0.000000e+00   0.000000e+00   0.000000e+00   0.000000e+00   0.000000e+00   0.000000e+00
 0.000000e+00   0.000000e+00   1.000000e+00   0.000000e+00   0.000000e+00   0.000000e+00   0.000000e+00   0.000000e+00   0.000000e+00
 0.000000e+00   0.000000e+00   0.000000e+00   1.000000e+00   0.000000e+00   0.000000e+00   0.000000e+00   0.000000e+00   0.000000e+00
 0.000000e+00   0.000000e+00   0.000000e+00   0.000000e+00   1.000000e+00   0.000000e+00   0.000000e+00   0.000000e+00   0.000000e+00
 0.000000e+00   0.000000e+00   0.000000e+00   0.000000e+00   0.000000e+00   1.000000e+00   0.000000e+00   0.000000e+00   0.000000e+00
 0.000000e+00   0.000000e+00   0.000000e+00   0.000000e+00   0.000000e+00   0.000000e+00   1.000000e+00   0.000000e+00   0.000000e+00
 0.000000e+00   0.000000e+00   0.000000e+00   0.000000e+00   0.000000e+00   0.000000e+00   0.000000e+00   1.000000e+00   0.000000e+00
 0.000000e+00   0.000000e+00   0.000000e+00   0.000000e+00   0.000000e+00   0.000000e+00   0.000000e+00   0.000000e+00   1.000000e+00

# timestamp: 1770155714.1389842
 1.000601e+00   0.000000e+00   0.000000e+00   2.003000e-02   0.000000e+00   0.000000e+00   0.000000e+00   0.000000e+00   0.000000e+00
 0.000000e+00   1.000601e+00   0.000000e+00   0.000000e+00   2.003000e-02   0.000000e+00   0.000000e+00   0.000000e+00   0.000000e+00
 0.000000e+00   0.000000e+00   1.000601e+00   0.000000e+00   0.000000e+00   2.003000e-02   0.000000e+00   0.000000e+00   0.000000e+00
 2.003000e-02   0.000000e+00   0.000000e+00   1.002000e+00   0.000000e+00   0.000000e+00   0.000000e+00   0.000000e+00   0.000000e+00
 0.000000e+00   2.003000e-02   0.000000e+00   0.000000e+00   1.002000e+00   0.000000e+00   0.000000e+00   0.000000e+00   0.000000e+00
 0.000000e+00   0.000000e+00   2.003000e-02   0.000000e+00   0.000000e+00   1.002000e+00   0.000000e+00   0.000000e+00   0.000000e+00
 0.000000e+00   0.000000e+00   0.000000e+00   0.000000e+00   0.000000e+00   0.000000e+00   1.399840e-03   0.000000e+00   0.000000e+00
 0.000000e+00   0.000000e+00   0.000000e+00   0.000000e+00   0.000000e+00   0.000000e+00   0.000000e+00   1.399840e-03   0.000000e+00
 0.000000e+00   0.000000e+00   0.000000e+00   0.000000e+00   0.000000e+00   0.000000e+00   0.000000e+00   0.000000e+00   1.399840e-03

# timestamp: 1770155714.1576889
 1.003006e+00   0.000000e+00   0.000000e+00   5.015000e-02   0.000000e+00   0.000000e+00   0.000000e+00   0.000000e+00   0.000000e+00
 0.000000e+00   1.003006e+00   0.000000e+00   0.000000e+00   5.015000e-02   0.000000e+00   0.000000e+00   0.000000e+00   0.000000e+00
 0.000000e+00   0.000000e+00   1.003006e+00   0.000000e+00   0.000000e+00   5.015000e-02   0.000000e+00   0.000000e+00   0.000000e+00
 5.015000e-02   0.000000e+00   0.000000e+00   1.005000e+00   0.000000e+00   0.000000e+00   0.000000e+00   0.000000e+00   0.000000e+00
 0.000000e+00   5.015000e-02   0.000000e+00   0.000000e+00   1.005000e+00   0.000000e+00   0.000000e+00   0.000000e+00   0.000000e+00
 0.000000e+00   0.000000e+00   5.015000e-02   0.000000e+00   0.000000e+00   1.005000e+00   0.000000e+00   0.000000e+00   0.000000e+00
 0.000000e+00   0.000000e+00   0.000000e+00   0.000000e+00   0.000000e+00   0.000000e+00   1.357893e-03   0.000000e+00   0.000000e+00
 0.000000e+00   0.000000e+00   0.000000e+00   0.000000e+00   0.000000e+00   0.000000e+00   0.000000e+00   1.357893e-03   0.000000e+00
 0.000000e+00   0.000000e+00   0.000000e+00   0.000000e+00   0.000000e+00   0.000000e+00   0.000000e+00   0.000000e+00   1.357893e-03

# timestamp: 1770155714.1956704
 1.007220e+00   0.000000e+00   0.000000e+00   8.036000e-02   0.000000e+00   0.000000e+00   0.000000e+00   0.000000e+00   0.000000e+00
 0.000000e+00   1.007220e+00   0.000000e+00   0.000000e+00   8.036000e-02   0.000000e+00   0.000000e+00   0.000000e+00   0.000000e+00
 0.000000e+00   0.000000e+00   1.007220e+00   0.000000e+00   0.000000e+00   8.036000e-02   0.000000e+00   0.000000e+00   0.000000e+00
 8.036000e-02   0.000000e+00   0.000000e+00   1.008000e+00   0.000000e+00   0.000000e+00   0.000000e+00   0.000000e+00   0.000000e+00
 0.000000e+00   8.036000e-02   0.000000e+00   0.000000e+00   1.008000e+00   0.000000e+00   0.000000e+00   0.000000e+00   0.000000e+00
 0.000000e+00   0.000000e+00   8.036000e-02   0.000000e+00   0.000000e+00   1.008000e+00   0.000000e+00   0.000000e+00   0.000000e+00
 0.000000e+00   0.000000e+00   0.000000e+00   0.000000e+00   0.000000e+00   0.000000e+00   3.663717e-04   0.000000e+00   0.000000e+00
 0.000000e+00   0.000000e+00   0.000000e+00   0.000000e+00   0.000000e+00   0.000000e+00   0.000000e+00   3.663717e-04   0.000000e+00
 0.000000e+00   0.000000e+00   0.000000e+00   0.000000e+00   0.000000e+00   0.000000e+00   0.000000e+00   0.000000e+00   3.663717e-04

# timestamp: 1770155714.211839
 1.009029e+00   0.000000e+00   0.000000e+00   9.045000e-02   0.000000e+00   0.000000e+00   0.000000e+00   0.000000e+00   0.000000e+00
 0.000000e+00   1.009029e+00   0.000000e+00   0.000000e+00   9.045000e-02   0.000000e+00   0.000000e+00   0.000000e+00   0.000000e+00
 0.000000e+00   0.000000e+00   1.009029e+00   0.000000e+00   0.000000e+00   9.045000e-02   0.000000e+00   0.000000e+00   0.000000e+00
 9.045000e-02   0.000000e+00   0.000000e+00   1.009000e+00   0.000000e+00   0.000000e+00   0.000000e+00   0.000000e+00   0.000000e+00
 0.000000e+00   9.045000e-02   0.000000e+00   0.000000e+00   1.009000e+00   0.000000e+00   0.000000e+00   0.000000e+00   0.000000e+00
 0.000000e+00   0.000000e+00   9.045000e-02   0.000000e+00   0.000000e+00   1.009000e+00   0.000000e+00   0.000000e+00   0.000000e+00
 0.000000e+00   0.000000e+00   0.000000e+00   0.000000e+00   0.000000e+00   0.000000e+00   3.094188e-04   0.000000e+00   0.000000e+00
 0.000000e+00   0.000000e+00   0.000000e+00   0.000000e+00   0.000000e+00   0.000000e+00   0.000000e+00   3.094188e-04   0.000000e+00
 0.000000e+00   0.000000e+00   0.000000e+00   0.000000e+00   0.000000e+00   0.000000e+00   0.000000e+00   0.000000e+00   3.094188e-04

# timestamp: 1770155714.2317126
 1.015665e+00   0.000000e+00   0.000000e+00   1.207800e-01   0.000000e+00   0.000000e+00   0.000000e+00   0.000000e+00   0.000000e+00
 0.000000e+00   1.015665e+00   0.000000e+00   0.000000e+00   1.207800e-01   0.000000e+00   0.000000e+00   0.000000e+00   0.000000e+00
 0.000000e+00   0.000000e+00   1.015665e+00   0.000000e+00   0.000000e+00   1.207800e-01   0.000000e+00   0.000000e+00   0.000000e+00
 1.207800e-01   0.000000e+00   0.000000e+00   1.012000e+00   0.000000e+00   0.000000e+00   0.000000e+00   0.000000e+00   0.000000e+00
 0.000000e+00   1.207800e-01   0.000000e+00   0.000000e+00   1.012000e+00   0.000000e+00   0.000000e+00   0.000000e+00   0.000000e+00
 0.000000e+00   0.000000e+00   1.207800e-01   0.000000e+00   0.000000e+00   1.012000e+00   0.000000e+00   0.000000e+00   0.000000e+00
 0.000000e+00   0.000000e+00   0.000000e+00   0.000000e+00   0.000000e+00   0.000000e+00   3.309419e-03   0.000000e+00   0.000000e+00
 0.000000e+00   0.000000e+00   0.000000e+00   0.000000e+00   0.000000e+00   0.000000e+00   0.000000e+00   3.309419e-03   0.000000e+00
 0.000000e+00   0.000000e+00   0.000000e+00   0.000000e+00   0.000000e+00   0.000000e+00   0.000000e+00   0.000000e+00   3.309419e-03

# timestamp: 1770155714.2505794
 1.018282e+00   0.000000e+00   0.000000e+00   1.309100e-01   0.000000e+00   0.000000e+00   0.000000e+00   0.000000e+00   0.000000e+00
 0.000000e+00   1.018282e+00   0.000000e+00   0.000000e+00   1.309100e-01   0.000000e+00   0.000000e+00   0.000000e+00   0.000000e+00
 0.000000e+00   0.000000e+00   1.018282e+00   0.000000e+00   0.000000e+00   1.309100e-01   0.000000e+00   0.000000e+00   0.000000e+00
 1.309100e-01   0.000000e+00   0.000000e+00   1.013000e+00   0.000000e+00   0.000000e+00   0.000000e+00   0.000000e+00   0.000000e+00
 0.000000e+00   1.309100e-01   0.000000e+00   0.000000e+00   1.013000e+00   0.000000e+00   0.000000e+00   0.000000e+00   0.000000e+00
 0.000000e+00   0.000000e+00   1.309100e-01   0.000000e+00   0.000000e+00   1.013000e+00   0.000000e+00   0.000000e+00   0.000000e+00
 0.000000e+00   0.000000e+00   0.000000e+00   0.000000e+00   0.000000e+00   0.000000e+00   3.660255e-04   0.000000e+00   0.000000e+00
 0.000000e+00   0.000000e+00   0.000000e+00   0.000000e+00   0.000000e+00   0.000000e+00   0.000000e+00   3.660255e-04   0.000000e+00
 0.000000e+00   0.000000e+00   0.000000e+00   0.000000e+00   0.000000e+00   0.000000e+00   0.000000e+00   0.000000e+00   3.660255e-04

# timestamp: 1770155714.2688065
 1.024124e+00   0.000000e+00   0.000000e+00   1.512000e-01   0.000000e+00   0.000000e+00   0.000000e+00   0.000000e+00   0.000000e+00
 0.000000e+00   1.024124e+00   0.000000e+00   0.000000e+00   1.512000e-01   0.000000e+00   0.000000e+00   0.000000e+00   0.000000e+00
 0.000000e+00   0.000000e+00   1.024124e+00   0.000000e+00   0.000000e+00   1.512000e-01   0.000000e+00   0.000000e+00   0.000000e+00
 1.512000e-01   0.000000e+00   0.000000e+00   1.015000e+00   0.000000e+00   0.000000e+00   0.000000e+00   0.000000e+00   0.000000e+00
 0.000000e+00   1.512000e-01   0.000000e+00   0.000000e+00   1.015000e+00   0.000000e+00   0.000000e+00   0.000000e+00   0.000000e+00
 0.000000e+00   0.000000e+00   1.512000e-01   0.000000e+00   0.000000e+00   1.015000e+00   0.000000e+00   0.000000e+00   0.000000e+00
 0.000000e+00   0.000000e+00   0.000000e+00   0.000000e+00   0.000000e+00   0.000000e+00   3.421553e-04   0.000000e+00   0.000000e+00
 0.000000e+00   0.000000e+00   0.000000e+00   0.000000e+00   0.000000e+00   0.000000e+00   0.000000e+00   3.421553e-04   0.000000e+00
 0.000000e+00   0.000000e+00   0.000000e+00   0.000000e+00   0.000000e+00   0.000000e+00   0.000000e+00   0.000000e+00   3.421553e-04

# timestamp: 1770155714.2848785
 1.030779e+00   0.000000e+00   0.000000e+00   1.715300e-01   0.000000e+00   0.000000e+00   0.000000e+00   0.000000e+00   0.000000e+00
 0.000000e+00   1.030779e+00   0.000000e+00   0.000000e+00   1.715300e-01   0.000000e+00   0.000000e+00   0.000000e+00   0.000000e+00
 0.000000e+00   0.000000e+00   1.030779e+00   0.000000e+00   0.000000e+00   1.715300e-01   0.000000e+00   0.000000e+00   0.000000e+00
 1.715300e-01   0.000000e+00   0.000000e+00   1.017000e+00   0.000000e+00   0.000000e+00   0.000000e+00   0.000000e+00   0.000000e+00
 0.000000e+00   1.715300e-01   0.000000e+00   0.000000e+00   1.017000e+00   0.000000e+00   0.000000e+00   0.000000e+00   0.000000e+00
 0.000000e+00   0.000000e+00   1.715300e-01   0.000000e+00   0.000000e+00   1.017000e+00   0.000000e+00   0.000000e+00   0.000000e+00
 0.000000e+00   0.000000e+00   0.000000e+00   0.000000e+00   0.000000e+00   0.000000e+00   2.342155e-03   0.000000e+00   0.000000e+00
 0.000000e+00   0.000000e+00   0.000000e+00   0.000000e+00   0.000000e+00   0.000000e+00   0.000000e+00   2.342155e-03   0.000000e+00
 0.000000e+00   0.000000e+00   0.000000e+00   0.000000e+00   0.000000e+00   0.000000e+00   0.000000e+00   0.000000e+00   2.342155e-03

# timestamp: 1770155714.299582
 1.038247e+00   0.000000e+00   0.000000e+00   1.919000e-01   0.000000e+00   0.000000e+00   0.000000e+00   0.000000e+00   0.000000e+00
 0.000000e+00   1.038247e+00   0.000000e+00   0.000000e+00   1.919000e-01   0.000000e+00   0.000000e+00   0.000000e+00   0.000000e+00
 0.000000e+00   0.000000e+00   1.038247e+00   0.000000e+00   0.000000e+00   1.919000e-01   0.000000e+00   0.000000e+00   0.000000e+00
 1.919000e-01   0.000000e+00   0.000000e+00   1.019000e+00   0.000000e+00   0.000000e+00   0.000000e+00   0.000000e+00   0.000000e+00
 0.000000e+00   1.919000e-01   0.000000e+00   0.000000e+00   1.019000e+00   0.000000e+00   0.000000e+00   0.000000e+00   0.000000e+00
 0.000000e+00   0.000000e+00   1.919000e-01   0.000000e+00   0.000000e+00   1.019000e+00   0.000000e+00   0.000000e+00   0.000000e+00
 0.000000e+00   0.000000e+00   0.000000e+00   0.000000e+00   0.000000e+00   0.000000e+00   2.341652e-03   0.000000e+00   0.000000e+00
 0.000000e+00   0.000000e+00   0.000000e+00   0.000000e+00   0.000000e+00   0.000000e+00   0.000000e+00   2.341652e-03   0.000000e+00
 0.000000e+00   0.000000e+00   0.000000e+00   0.000000e+00   0.000000e+00   0.000000e+00   0.000000e+00   0.000000e+00   2.341652e-03

# timestamp: 1770155714.3191376
 1.042287e+00   0.000000e+00   0.000000e+00   2.021000e-01   0.000000e+00   0.000000e+00   0.000000e+00   0.000000e+00   0.000000e+00
 0.000000e+00   1.042287e+00   0.000000e+00   0.000000e+00   2.021000e-01   0.000000e+00   0.000000e+00   0.000000e+00   0.000000e+00
 0.000000e+00   0.000000e+00   1.042287e+00   0.000000e+00   0.000000e+00   2.021000e-01   0.000000e+00   0.000000e+00   0.000000e+00
 2.021000e-01   0.000000e+00   0.000000e+00   1.020000e+00   0.000000e+00   0.000000e+00   0.000000e+00   0.000000e+00   0.000000e+00
 0.000000e+00   2.021000e-01   0.000000e+00   0.000000e+00   1.020000e+00   0.000000e+00   0.000000e+00   0.000000e+00   0.000000e+00
 0.000000e+00   0.000000e+00   2.021000e-01   0.000000e+00   0.000000e+00   1.020000e+00   0.000000e+00   0.000000e+00   0.000000e+00
 0.000000e+00   0.000000e+00   0.000000e+00   0.000000e+00   0.000000e+00   0.000000e+00   1.341641e-03   0.000000e+00   0.000000e+00
 0.000000e+00   0.000000e+00   0.000000e+00   0.000000e+00   0.000000e+00   0.000000e+00   0.000000e+00   1.341641e-03   0.000000e+00
 0.000000e+00   0.000000e+00   0.000000e+00   0.000000e+00   0.000000e+00   0.000000e+00   0.000000e+00   0.000000e+00   1.341641e-03

# timestamp: 1770155714.3359346
 1.050980e+00   0.000000e+00   0.000000e+00   2.225300e-01   0.000000e+00   0.000000e+00   0.000000e+00   0.000000e+00   0.000000e+00
 0.000000e+00   1.050980e+00   0.000000e+00   0.000000e+00   2.225300e-01   0.000000e+00   0.000000e+00   0.000000e+00   0.000000e+00
 0.000000e+00   0.000000e+00   1.050980e+00   0.000000e+00   0.000000e+00   2.225300e-01   0.000000e+00   0.000000e+00   0.000000e+00
 2.225300e-01   0.000000e+00   0.000000e+00   1.022000e+00   0.000000e+00   0.000000e+00   0.000000e+00   0.000000e+00   0.000000e+00
 0.000000e+00   2.225300e-01   0.000000e+00   0.000000e+00   1.022000e+00   0.000000e+00   0.000000e+00   0.000000e+00   0.000000e+00
 0.000000e+00   0.000000e+00   2.225300e-01   0.000000e+00   0.000000e+00   1.022000e+00   0.000000e+00   0.000000e+00   0.000000e+00
 0.000000e+00   0.000000e+00   0.000000e+00   0.000000e+00   0.000000e+00   0.000000e+00   3.572380e-04   0.000000e+00   0.000000e+00
 0.000000e+00   0.000000e+00   0.000000e+00   0.000000e+00   0.000000e+00   0.000000e+00   0.000000e+00   3.572380e-04   0.000000e+00
 0.000000e+00   0.000000e+00   0.000000e+00   0.000000e+00   0.000000e+00   0.000000e+00   0.000000e+00   0.000000e+00   3.572380e-04

# timestamp: 1770155714.3532357
 1.060490e+00   0.000000e+00   0.000000e+00   2.430000e-01   0.000000e+00   0.000000e+00   0.000000e+00   0.000000e+00   0.000000e+00
 0.000000e+00   1.060490e+00   0.000000e+00   0.000000e+00   2.430000e-01   0.000000e+00   0.000000e+00   0.000000e+00   0.000000e+00
 0.000000e+00   0.000000e+00   1.060490e+00   0.000000e+00   0.000000e+00   2.430000e-01   0.000000e+00   0.000000e+00   0.000000e+00
 2.430000e-01   0.000000e+00   0.000000e+00   1.024000e+00   0.000000e+00   0.000000e+00   0.000000e+00   0.000000e+00   0.000000e+00
 0.000000e+00   2.430000e-01   0.000000e+00   0.000000e+00   1.024000e+00   0.000000e+00   0.000000e+00   0.000000e+00   0.000000e+00
 0.000000e+00   0.000000e+00   2.430000e-01   0.000000e+00   0.000000e+00   1.024000e+00   0.000000e+00   0.000000e+00   0.000000e+00
 0.000000e+00   0.000000e+00   0.000000e+00   0.000000e+00   0.000000e+00   0.000000e+00   2.357238e-03   0.000000e+00   0.000000e+00
 0.000000e+00   0.000000e+00   0.000000e+00   0.000000e+00   0.000000e+00   0.000000e+00   0.000000e+00   2.357238e-03   0.000000e+00
 0.000000e+00   0.000000e+00   0.000000e+00   0.000000e+00   0.000000e+00   0.000000e+00   0.000000e+00   0.000000e+00   2.357238e-03

# timestamp: 1770155714.3675106
 1.065553e+00   0.000000e+00   0.000000e+00   2.532500e-01   0.000000e+00   0.000000e+00   0.000000e+00   0.000000e+00   0.000000e+00
 0.000000e+00   1.065553e+00   0.000000e+00   0.000000e+00   2.532500e-01   0.000000e+00   0.000000e+00   0.000000e+00   0.000000e+00
 0.000000e+00   0.000000e+00   1.065553e+00   0.000000e+00   0.000000e+00   2.532500e-01   0.000000e+00   0.000000e+00   0.000000e+00
 2.532500e-01   0.000000e+00   0.000000e+00   1.025000e+00   0.000000e+00   0.000000e+00   0.000000e+00   0.000000e+00   0.000000e+00
 0.000000e+00   2.532500e-01   0.000000e+00   0.000000e+00   1.025000e+00   0.000000e+00   0.000000e+00   0.000000e+00   0.000000e+00
 0.000000e+00   0.000000e+00   2.532500e-01   0.000000e+00   0.000000e+00   1.025000e+00   0.000000e+00   0.000000e+00   0.000000e+00
 0.000000e+00   0.000000e+00   0.000000e+00   0.000000e+00   0.000000e+00   0.000000e+00   1.341971e-03   0.000000e+00   0.000000e+00
 0.000000e+00   0.000000e+00   0.000000e+00   0.000000e+00   0.000000e+00   0.000000e+00   0.000000e+00   1.341971e-03   0.000000e+00
 0.000000e+00   0.000000e+00   0.000000e+00   0.000000e+00   0.000000e+00   0.000000e+00   0.000000e+00   0.000000e+00   1.341971e-03

# timestamp: 1770155714.3891354
 1.017502e-02   5.646026e-06  -4.444443e-07   1.207113e-02   1.385977e-06  -1.091015e-07  -2.272131e-06  -2.532315e-06   3.997635e-05
 5.646026e-06   1.015408e-02   1.760633e-06   1.385977e-06   1.206599e-02   4.321972e-07  -2.730458e-06  -3.043125e-06   9.753942e-06
-4.444443e-07   1.760633e-06   1.017631e-02  -1.091015e-07   4.321972e-07   1.207144e-02  -2.740024e-05  -3.053786e-05  -4.286978e-06
 1.207113e-02   1.385977e-06  -1.091015e-07   9.627561e-01   3.402274e-07  -2.678204e-08  -5.577590e-07  -6.216284e-07   9.813327e-06
 1.385977e-06   1.206599e-02   4.321972e-07   3.402274e-07   9.627549e-01   1.060951e-07  -6.702684e-07  -7.470213e-07   2.394382e-06
-1.091015e-07   4.321972e-07   1.207144e-02  -2.678204e-08   1.060951e-07   9.627562e-01  -6.726166e-06  -7.496384e-06  -1.052360e-06
-2.272131e-06  -2.730458e-06  -2.740024e-05  -5.577590e-07  -6.702684e-07  -6.726166e-06   3.572411e-04  -7.980439e-10   3.166146e-26
-2.532315e-06  -3.043125e-06  -3.053786e-05  -6.216284e-07  -7.470213e-07  -7.496384e-06  -7.980439e-10   3.572409e-04   1.046982e-26
 3.997635e-05   9.753942e-06  -4.286978e-06   9.813327e-06   2.394382e-06  -1.052360e-06   1.392635e-26   1.007245e-26   3.572402e-04

# timestamp: 1770155714.4065416
 1.124347e-02   5.701602e-06  -4.488191e-07   3.135625e-02   1.392782e-06  -1.096371e-07  -2.283286e-06  -2.544747e-06   4.017261e-05
 5.701602e-06   1.122232e-02   1.777963e-06   1.392782e-06   3.135109e-02   4.343191e-07  -2.743864e-06  -3.058066e-06   9.801830e-06
-4.488191e-07   1.777963e-06   1.124477e-02  -1.096371e-07   4.343191e-07   3.135657e-02  -2.753477e-05  -3.068779e-05  -4.308025e-06
 3.135625e-02   1.392782e-06  -1.096371e-07   9.647561e-01   3.402274e-07  -2.678204e-08  -5.577590e-07  -6.216284e-07   9.813327e-06
 1.392782e-06   3.135109e-02   4.343191e-07   3.402274e-07   9.647549e-01   1.060951e-07  -6.702684e-07  -7.470213e-07   2.394382e-06
-1.096371e-07   4.343191e-07   3.135657e-02  -2.678204e-08   1.060951e-07   9.647562e-01  -6.726166e-06  -7.496384e-06  -1.052360e-06
-2.283286e-06  -2.743864e-06  -2.753477e-05  -5.577590e-07  -6.702684e-07  -6.726166e-06   2.357241e-03  -7.980439e-10   3.166146e-26
-2.544747e-06  -3.058066e-06  -3.068779e-05  -6.216284e-07  -7.470213e-07  -7.496384e-06  -7.980439e-10   2.357241e-03   1.046982e-26
 4.017261e-05   9.801830e-06  -4.308025e-06   9.813327e-06   2.394382e-06  -1.052360e-06   1.392635e-26   1.007245e-26   2.357240e-03

# timestamp: 1770155714.4249496
 1.308368e-02   5.647845e-06  -4.445875e-07   5.068127e-02   1.372943e-06  -1.080754e-07  -2.442688e-07  -2.722402e-07   4.297716e-06
 5.647845e-06   1.306273e-02   1.761200e-06   1.372943e-06   5.067618e-02   4.281326e-07  -2.935420e-07  -3.271557e-07   1.048612e-06
-4.445875e-07   1.761200e-06   1.308497e-02  -1.080754e-07   4.281326e-07   5.068158e-02  -2.945704e-06  -3.283018e-06  -4.608779e-07
 5.068127e-02   1.372943e-06  -1.080754e-07   9.667561e-01   3.337505e-07  -2.627220e-08  -5.937965e-08  -6.617925e-08   1.044738e-06
 1.372943e-06   5.067618e-02   4.281326e-07   3.337505e-07   9.667549e-01   1.040753e-07  -7.135753e-08  -7.952873e-08   2.549085e-07
-1.080754e-07   4.281326e-07   5.068158e-02  -2.627220e-08   1.040753e-07   9.667562e-01  -7.160752e-07  -7.980735e-07  -1.120354e-07
-2.442688e-07  -2.935420e-07  -2.945704e-06  -5.937965e-08  -7.135753e-08  -7.160752e-07   1.357416e-03  -9.045002e-12   3.588500e-28
-2.722402e-07  -3.271557e-07  -3.283018e-06  -6.617925e-08  -7.952873e-08  -7.980735e-07  -9.045002e-12   1.357416e-03   1.186646e-28
 4.297716e-06   1.048612e-06  -4.608779e-07   1.044738e-06   2.549085e-07  -1.120354e-07   1.578408e-28   1.141609e-28   1.357416e-03

# timestamp: 1770155714.4403613
 1.569813e-02   5.701187e-06  -4.487865e-07   7.004639e-02   1.379204e-06  -1.085683e-07  -3.560674e-08  -3.968409e-08   6.264722e-07
 5.701187e-06   1.567698e-02   1.777834e-06   1.379204e-06   7.004127e-02   4.300852e-07  -4.278922e-08  -4.768904e-08   1.528547e-07
-4.487865e-07   1.777834e-06   1.569943e-02  -1.085683e-07   4.300852e-07   7.004670e-02  -4.293912e-07  -4.785611e-07  -6.718154e-08
 7.004639e-02   1.379204e-06  -1.085683e-07   9.687561e-01   3.336505e-07  -2.626432e-08  -8.613812e-09  -9.600186e-09   1.515532e-07
 1.379204e-06   7.004127e-02   4.300852e-07   3.336505e-07   9.687549e-01   1.040442e-07  -1.035136e-08  -1.153671e-08   3.697789e-08
-1.085683e-07   4.300852e-07   7.004670e-02  -2.626432e-08   1.040442e-07   9.687562e-01  -1.038763e-07  -1.157712e-07  -1.625224e-08
-3.560674e-08  -4.278922e-08  -4.293912e-07  -8.613812e-09  -1.035136e-08  -1.038763e-07   1.341975e-03  -1.903374e-13   7.551417e-30
-3.968409e-08  -4.768904e-08  -4.785611e-07  -9.600186e-09  -1.153671e-08  -1.157712e-07  -1.903374e-13   1.341975e-03   2.497106e-30
 6.264722e-07   1.528547e-07  -6.718154e-08   1.515532e-07   3.697789e-08  -1.625224e-08   3.321505e-30   2.402331e-30   1.341975e-03

# timestamp: 1770155714.4587824
 1.729603e-02   5.728769e-06  -4.509576e-07   7.974395e-02   1.382532e-06  -1.088302e-07  -5.206886e-09  -5.803130e-09   9.161103e-08
 5.728769e-06   1.727478e-02   1.786435e-06   1.382532e-06   7.973882e-02   4.311229e-07  -6.257203e-09  -6.973719e-09   2.235244e-08
-4.509576e-07   1.786435e-06   1.729734e-02  -1.088302e-07   4.311229e-07   7.974426e-02  -6.279124e-08  -6.998151e-08  -9.824171e-09
 7.974395e-02   1.382532e-06  -1.088302e-07   9.697561e-01   3.336484e-07  -2.626416e-08  -1.256585e-09  -1.400478e-09   2.210862e-08
 1.382532e-06   7.973882e-02   4.311229e-07   3.336484e-07   9.697549e-01   1.040435e-07  -1.510060e-09  -1.682978e-09   5.394345e-09
-1.088302e-07   4.311229e-07   7.974426e-02  -2.626416e-08   1.040435e-07   9.697562e-01  -1.515350e-08  -1.688874e-08  -2.370881e-09
-5.206886e-09  -6.257203e-09  -6.279124e-08  -1.256585e-09  -1.510060e-09  -1.515350e-08   3.416479e-04  -4.050581e-15   1.607021e-31
-5.803130e-09  -6.973719e-09  -6.998151e-08  -1.400478e-09  -1.682978e-09  -1.688874e-08  -4.050581e-15   3.416479e-04   5.314104e-32
 9.161103e-08   2.235244e-08  -9.824171e-09   2.210862e-08   5.394345e-09  -2.370881e-09   7.068513e-32   5.112412e-32   3.416479e-04

# timestamp: 1770155714.478297
 2.107419e-02   5.784203e-06  -4.553213e-07   9.916907e-02   1.389205e-06  -1.093555e-07  -5.232018e-09  -5.831140e-09   9.205320e-08
 5.784203e-06   2.105274e-02   1.803721e-06   1.389205e-06   9.916392e-02   4.332037e-07  -6.287404e-09  -7.007379e-09   2.246032e-08
-4.553213e-07   1.803721e-06   2.107551e-02  -1.093555e-07   4.332037e-07   9.916939e-02  -6.309431e-08  -7.031929e-08  -9.871588e-09
 9.916907e-02   1.389205e-06  -1.093555e-07   9.717561e-01   3.336484e-07  -2.626416e-08  -1.256585e-09  -1.400478e-09   2.210862e-08
 1.389205e-06   9.916392e-02   4.332037e-07   3.336484e-07   9.717549e-01   1.040435e-07  -1.510060e-09  -1.682978e-09   5.394345e-09
-1.093555e-07   4.332037e-07   9.916939e-02  -2.626416e-08   1.040435e-07   9.717562e-01  -1.515350e-08  -1.688874e-08  -2.370881e-09
-5.232018e-09  -6.287404e-09  -6.309431e-08  -1.256585e-09  -1.510060e-09  -1.515350e-08   2.341648e-03  -4.050581e-15   1.607021e-31
-5.831140e-09  -7.007379e-09  -7.031929e-08  -1.400478e-09  -1.682978e-09  -1.688874e-08  -4.050581e-15   2.341648e-03   5.314104e-32
 9.205320e-08   2.246032e-08  -9.871588e-09   2.210862e-08   5.394345e-09  -2.370881e-09   7.068513e-32   5.112412e-32   2.341648e-03

# timestamp: 1770155714.4934263
 2.563016e-02   5.839904e-06  -4.597060e-07   1.186342e-01   1.395878e-06  -1.098808e-07  -5.620143e-10  -6.263710e-10   9.888196e-09
 5.839904e-06   2.560850e-02   1.821091e-06   1.395878e-06   1.186290e-01   4.352846e-07  -6.753821e-10  -7.527206e-10   2.412649e-09
-4.597060e-07   1.821091e-06   2.563149e-02  -1.098808e-07   4.352846e-07   1.186345e-01  -6.777483e-09  -7.553577e-09  -1.060389e-09
 1.186342e-01   1.395878e-06  -1.098808e-07   9.737561e-01   3.336484e-07  -2.626416e-08  -1.343350e-10  -1.497177e-10   2.363517e-09
 1.395878e-06   1.186290e-01   4.352846e-07   3.336484e-07   9.737549e-01   1.040435e-07  -1.614326e-10  -1.799183e-10   5.766812e-10
-1.098808e-07   4.352846e-07   1.186345e-01  -2.626416e-08   1.040435e-07   9.737562e-01  -1.619981e-09  -1.805487e-09  -2.534585e-10
-5.620143e-10  -6.753821e-10  -6.777483e-09  -1.343350e-10  -1.614326e-10  -1.619981e-09   1.357238e-03  -4.629259e-17   1.836605e-33
-6.263710e-10  -7.527206e-10  -7.553577e-09  -1.497177e-10  -1.799183e-10  -1.805487e-09  -4.629259e-17   1.357238e-03   6.073292e-34
 9.888196e-09   2.412649e-09  -1.060389e-09   2.363517e-09   5.766812e-10  -2.534585e-10   8.078341e-34   5.842787e-34   1.357238e-03

# timestamp: 1770155714.5119846
 2.820032e-02   5.867855e-06  -4.619062e-07   1.283818e-01   1.399214e-06  -1.101434e-07  -8.172783e-11  -9.108654e-11   1.437936e-09
 5.867855e-06   2.817855e-02   1.829807e-06   1.399214e-06   1.283766e-01   4.363250e-07  -9.821371e-11  -1.094602e-10   3.508462e-10
-4.619062e-07   1.829807e-06   2.820165e-02  -1.101434e-07   4.363250e-07   1.283821e-01  -9.855779e-10  -1.098437e-09  -1.542012e-10
 1.283818e-01   1.399214e-06  -1.101434e-07   9.747561e-01   3.336484e-07  -2.626415e-08  -1.948834e-11  -2.171996e-11   3.428818e-10
 1.399214e-06   1.283766e-01   4.363250e-07   3.336484e-07   9.747549e-01   1.040435e-07  -2.341946e-11  -2.610124e-11   8.366070e-11
-1.101434e-07   4.363250e-07   1.283821e-01  -2.626415e-08   1.040435e-07   9.747562e-01  -2.350151e-10  -2.619268e-10  -3.676991e-11
-8.172783e-11  -9.821371e-11  -9.855779e-10  -1.948834e-11  -2.341946e-11  -2.350151e-10   3.419709e-04  -9.742780e-19   3.865335e-35
-9.108654e-11  -1.094602e-10  -1.098437e-09  -2.171996e-11  -2.610124e-11  -2.619268e-10  -9.742780e-19   3.419709e-04   1.278191e-35
 1.437936e-09   3.508462e-10  -1.542012e-10   3.428818e-10   8.366070e-11  -3.676991e-11   1.700175e-35   1.229678e-35   3.419709e-04

# timestamp: 1770155714.5274258
 3.392599e-02   5.923957e-06  -4.663225e-07   1.479069e-01   1.405887e-06  -1.106687e-07  -8.211759e-11  -9.152094e-11   1.444794e-09
 5.923957e-06   3.390402e-02   1.847302e-06   1.405887e-06   1.479017e-01   4.384059e-07  -9.868210e-11  -1.099823e-10   3.525194e-10
-4.663225e-07   1.847302e-06   3.392734e-02  -1.106687e-07   4.384059e-07   1.479072e-01  -9.902782e-10  -1.103676e-09  -1.549366e-10
 1.479069e-01   1.405887e-06  -1.106687e-07   9.767561e-01   3.336484e-07  -2.626415e-08  -1.948834e-11  -2.171996e-11   3.428818e-10
 1.405887e-06   1.479017e-01   4.384059e-07   3.336484e-07   9.767549e-01   1.040435e-07  -2.341946e-11  -2.610124e-11   8.366070e-11
-1.106687e-07   4.384059e-07   1.479072e-01  -2.626415e-08   1.040435e-07   9.767562e-01  -2.350151e-10  -2.619268e-10  -3.676991e-11
-8.211759e-11  -9.868210e-11  -9.902782e-10  -1.948834e-11  -2.341946e-11  -2.350151e-10   2.341971e-03  -9.742780e-19   3.865335e-35
-9.152094e-11  -1.099823e-10  -1.103676e-09  -2.171996e-11  -2.610124e-11  -2.619268e-10  -9.742780e-19   2.341971e-03   1.278191e-35
 1.444794e-09   3.525194e-10  -1.549366e-10   3.428818e-10   8.366070e-11  -3.676991e-11   1.700175e-35   1.229678e-35   2.341971e-03

# timestamp: 1770155714.5462706
 4.043347e-02   5.980326e-06  -4.707597e-07   1.674720e-01   1.412560e-06  -1.111940e-07  -8.819669e-12  -9.829615e-12   1.551751e-10
 5.980326e-06   4.041129e-02   1.864880e-06   1.412560e-06   1.674668e-01   4.404867e-07  -1.059874e-11  -1.181241e-11   3.786161e-11
-4.707597e-07   1.864880e-06   4.043483e-02  -1.111940e-07   4.404867e-07   1.674723e-01  -1.063588e-10  -1.185380e-10  -1.664064e-11
 1.674720e-01   1.412560e-06  -1.111940e-07   9.787561e-01   3.336484e-07  -2.626415e-08  -2.083216e-12  -2.321767e-12   3.665253e-11
 1.412560e-06   1.674668e-01   4.404867e-07   3.336484e-07   9.787549e-01   1.040435e-07  -2.503436e-12  -2.790106e-12   8.942956e-12
-1.111940e-07   4.404867e-07   1.674723e-01  -2.626415e-08   1.040435e-07   9.787562e-01  -2.512207e-11  -2.799881e-11  -3.930539e-12
-8.819669e-12  -1.059874e-11  -1.063588e-10  -2.083216e-12  -2.503436e-12  -2.512207e-11   1.357242e-03  -1.113274e-20   4.416786e-37
-9.829615e-12  -1.181241e-11  -1.185380e-10  -2.321767e-12  -2.790106e-12  -2.799881e-11  -1.113274e-20   1.357242e-03   1.460544e-37
 1.551751e-10   3.786161e-11  -1.664064e-11   3.665253e-11   8.942956e-12  -3.930539e-12   1.942732e-37   1.405111e-37   1.357242e-03

# timestamp: 1770155714.5627847
 4.772435e-02   6.036962e-06  -4.752180e-07   1.870771e-01   1.419233e-06  -1.117193e-07  -1.285536e-12  -1.432743e-12   2.261798e-11
 6.036962e-06   4.770196e-02   1.882541e-06   1.419233e-06   1.870719e-01   4.425676e-07  -1.544850e-12  -1.721752e-12   5.518626e-12
-4.752180e-07   1.882541e-06   4.772573e-02  -1.117193e-07   4.425676e-07   1.870774e-01  -1.550262e-11  -1.727784e-11  -2.425504e-12
 1.870771e-01   1.419233e-06  -1.117193e-07   9.807561e-01   3.336484e-07  -2.626415e-08  -3.022174e-13  -3.368245e-13   5.317275e-12
 1.419233e-06   1.870719e-01   4.425676e-07   3.336484e-07   9.807549e-01   1.040435e-07  -3.631798e-13  -4.047677e-13   1.297377e-12
-1.117193e-07   4.425676e-07   1.870774e-01  -2.626415e-08   1.040435e-07   9.807562e-01  -3.644521e-12  -4.061858e-12  -5.702132e-13
-1.285536e-12  -1.544850e-12  -1.550262e-11  -3.022174e-13  -3.631798e-13  -3.644521e-12   1.341971e-03  -2.343000e-22   9.295582e-39
-1.432743e-12  -1.721752e-12  -1.727784e-11  -3.368245e-13  -4.047677e-13  -4.061858e-12  -2.343000e-22   1.341971e-03   3.073867e-39
 2.261798e-11   5.518626e-12  -2.425504e-12   5.317275e-12   1.297377e-12  -5.702132e-13   4.088680e-39   2.957202e-39   1.341971e-03

# timestamp: 1770155714.5759108
 5.166407e-02   6.065380e-06  -4.774550e-07   1.968947e-01   1.422570e-06  -1.119819e-07  -1.288558e-12  -1.436112e-12   2.267116e-11
 6.065380e-06   5.164157e-02   1.891402e-06   1.422570e-06   1.968894e-01   4.436080e-07  -1.548482e-12  -1.725800e-12   5.531600e-12
-4.774550e-07   1.891402e-06   5.166545e-02  -1.119819e-07   4.436080e-07   1.968950e-01  -1.553907e-11  -1.731846e-11  -2.431206e-12
 1.968947e-01   1.422570e-06  -1.119819e-07   9.817561e-01   3.336484e-07  -2.626415e-08  -3.022174e-13  -3.368245e-13   5.317275e-12
 1.422570e-06   1.968894e-01   4.436080e-07   3.336484e-07   9.817549e-01   1.040435e-07  -3.631798e-13  -4.047677e-13   1.297377e-12
-1.119819e-07   4.436080e-07   1.968950e-01  -2.626415e-08   1.040435e-07   9.817562e-01  -3.644521e-12  -4.061858e-12  -5.702132e-13
-1.288558e-12  -1.548482e-12  -1.553907e-11  -3.022174e-13  -3.631798e-13  -3.644521e-12   2.341971e-03  -2.343000e-22   9.295582e-39
-1.436112e-12  -1.725800e-12  -1.731846e-11  -3.368245e-13  -4.047677e-13  -4.061858e-12  -2.343000e-22   2.341971e-03   3.073867e-39
 2.267116e-11   5.531600e-12  -2.431206e-12   5.317275e-12   1.297377e-12  -5.702132e-13   4.088680e-39   2.957202e-39   2.341971e-03

# timestamp: 1770155714.594009
 6.013306e-02   6.122416e-06  -4.819448e-07   2.165598e-01   1.429243e-06  -1.125072e-07  -1.888572e-13  -2.104834e-13   3.322792e-12
 6.122416e-06   6.011035e-02   1.909188e-06   1.429243e-06   2.165545e-01   4.456889e-07  -2.269529e-13  -2.529414e-13   8.107376e-13
-4.819448e-07   1.909188e-06   6.013445e-02  -1.125072e-07   4.456889e-07   2.165601e-01  -2.277480e-12  -2.538276e-12  -3.563292e-13
 2.165598e-01   1.429243e-06  -1.125072e-07   9.837561e-01   3.336484e-07  -2.626415e-08  -4.408761e-14  -4.913612e-14   7.756866e-13
 1.429243e-06   2.165545e-01   4.456889e-07   3.336484e-07   9.837549e-01   1.040435e-07  -5.298083e-14  -5.904770e-14   1.892620e-13
-1.125072e-07   4.456889e-07   2.165601e-01  -2.626415e-08   1.040435e-07   9.837562e-01  -5.316645e-13  -5.925457e-13  -8.318297e-14
-1.888572e-13  -2.269529e-13  -2.277480e-12  -4.408761e-14  -5.298083e-14  -5.316645e-13   2.341648e-03  -4.986165e-24   1.978203e-40
-2.104834e-13  -2.529414e-13  -2.538276e-12  -4.913612e-14  -5.904770e-14  -5.925457e-13  -4.986165e-24   2.341648e-03   6.541530e-41
 3.322792e-12   8.107376e-13  -3.563292e-13   7.756866e-13   1.892620e-13  -8.318297e-14   8.701164e-41   6.293253e-41   2.341648e-03

# timestamp: 1770155714.607924
 6.466273e-02   6.151035e-06  -4.841976e-07   2.264074e-01   1.432579e-06  -1.127699e-07  -2.761815e-14  -3.078072e-14   4.859194e-13
 6.151035e-06   6.463992e-02   1.918112e-06   1.432579e-06   2.264021e-01   4.467293e-07  -3.318919e-14  -3.698971e-14   1.185608e-13
-4.841976e-07   1.918112e-06   6.466413e-02  -1.127699e-07   4.467293e-07   2.264077e-01  -3.330547e-13  -3.711930e-13  -5.210895e-14
 2.264074e-01   1.432579e-06  -1.127699e-07   9.847561e-01   3.336484e-07  -2.626415e-08  -6.432280e-15  -7.168845e-15   1.131709e-13
 1.432579e-06   2.264021e-01   4.467293e-07   3.336484e-07   9.847549e-01   1.040435e-07  -7.729779e-15  -8.614922e-15   2.761288e-14
-1.127699e-07   4.467293e-07   2.264077e-01  -2.626415e-08   1.040435e-07   9.847562e-01  -7.756860e-14  -8.645103e-14  -1.213620e-14
-2.761815e-14  -3.318919e-14  -3.330547e-13  -6.432280e-15  -7.729779e-15  -7.756860e-14   1.341641e-03  -1.061361e-25   4.210828e-42
-3.078072e-14  -3.698971e-14  -3.711930e-13  -7.168845e-15  -8.614922e-15  -8.645103e-14  -1.061361e-25   1.341641e-03   1.392438e-42
 4.859194e-13   1.185608e-13  -5.210895e-14   1.131709e-13   2.761288e-14  -1.213620e-14   1.852141e-42   1.339590e-42   1.341641e-03

# timestamp: 1770155714.6208127
 7.431343e-02   6.208471e-06  -4.887189e-07   2.461325e-01   1.439252e-06  -1.132951e-07  -2.966270e-15  -3.305939e-15   5.218916e-14
 6.208471e-06   7.429040e-02   1.936023e-06   1.439252e-06   2.461272e-01   4.488102e-07  -3.564617e-15  -3.972803e-15   1.273378e-14
-4.887189e-07   1.936023e-06   7.431484e-02  -1.132951e-07   4.488102e-07   2.461328e-01  -3.577105e-14  -3.986722e-14  -5.596654e-15
 2.461325e-01   1.439252e-06  -1.132951e-07   9.867561e-01   3.336484e-07  -2.626415e-08  -6.876427e-16  -7.663851e-16   1.209853e-14
 1.439252e-06   2.461272e-01   4.488102e-07   3.336484e-07   9.867549e-01   1.040435e-07  -8.263518e-16  -9.209779e-16   2.951954e-15
-1.132951e-07   4.488102e-07   2.461328e-01  -2.626415e-08   1.040435e-07   9.867562e-01  -8.292469e-15  -9.242045e-15  -1.297420e-15
-2.966270e-15  -3.564617e-15  -3.577105e-14  -6.876427e-16  -8.263518e-16  -8.292469e-15   3.572380e-04  -1.212995e-27   4.812417e-44
-3.305939e-15  -3.972803e-15  -3.986722e-14  -7.663851e-16  -9.209779e-16  -9.242045e-15  -1.212995e-27   3.572380e-04   1.591372e-44
 5.218916e-14   1.273378e-14  -5.596654e-15   1.209853e-14   2.951954e-15  -1.297420e-15   2.116751e-44   1.530973e-44   3.572380e-04

# timestamp: 1770155714.6373625
 7.943485e-02   6.237290e-06  -4.909874e-07   2.560101e-01   1.442588e-06  -1.135578e-07  -2.973146e-15  -3.313603e-15   5.231015e-14
 6.237290e-06   7.941172e-02   1.945010e-06   1.442588e-06   2.560047e-01   4.498506e-07  -3.572880e-15  -3.982013e-15   1.276330e-14
-4.909874e-07   1.945010e-06   7.943627e-02  -1.135578e-07   4.498506e-07   2.560104e-01  -3.585397e-14  -3.995964e-14  -5.609628e-15
 2.560101e-01   1.442588e-06  -1.135578e-07   9.877561e-01   3.336484e-07  -2.626415e-08  -6.876427e-16  -7.663851e-16   1.209853e-14
 1.442588e-06   2.560047e-01   4.498506e-07   3.336484e-07   9.877549e-01   1.040435e-07  -8.263518e-16  -9.209779e-16   2.951954e-15
-1.135578e-07   4.498506e-07   2.560104e-01  -2.626415e-08   1.040435e-07   9.877562e-01  -8.292469e-15  -9.242045e-15  -1.297420e-15
-2.973146e-15  -3.572880e-15  -3.585397e-14  -6.876427e-16  -8.263518e-16  -8.292469e-15   1.357238e-03  -1.212995e-27   4.812417e-44
-3.313603e-15  -3.982013e-15  -3.995964e-14  -7.663851e-16  -9.209779e-16  -9.242045e-15  -1.212995e-27   1.357238e-03   1.591372e-44
 5.231015e-14   1.276330e-14  -5.609628e-15   1.209853e-14   2.951954e-15  -1.297420e-15   2.116751e-44   1.530973e-44   1.357238e-03

# timestamp: 1770155714.6498907
 8.475393e-02   6.266175e-06  -4.932612e-07   2.658976e-01   1.445925e-06  -1.138204e-07  -4.323200e-16  -4.818252e-16   7.606327e-15
 6.266175e-06   8.473069e-02   1.954017e-06   1.445925e-06   2.658922e-01   4.508911e-07  -5.195262e-16  -5.790175e-16   1.855889e-15
-4.932612e-07   1.954017e-06   8.475536e-02  -1.138204e-07   4.508911e-07   2.658979e-01  -5.213463e-15  -5.810461e-15  -8.156862e-16
 2.658976e-01   1.445925e-06  -1.138204e-07   9.887561e-01   3.336484e-07  -2.626415e-08  -9.975819e-17  -1.111816e-16   1.755166e-15
 1.445925e-06   2.658922e-01   4.508911e-07   3.336484e-07   9.887549e-01   1.040435e-07  -1.198811e-16  -1.336088e-16   4.282480e-16
-1.138204e-07   4.508911e-07   2.658979e-01  -2.626415e-08   1.040435e-07   9.887562e-01  -1.203011e-15  -1.340769e-15  -1.882203e-16
-4.323200e-16  -5.195262e-16  -5.213463e-15  -9.975819e-17  -1.198811e-16  -1.203011e-15   3.419709e-04  -2.552881e-29   1.012826e-45
-4.818252e-16  -5.790175e-16  -5.810461e-15  -1.111816e-16  -1.336088e-16  -1.340769e-15  -2.552881e-29   3.419709e-04   3.349216e-46
 7.606327e-15   1.855889e-15  -8.156862e-16   1.755166e-15   4.282480e-16  -1.882203e-16   4.454934e-46   3.222100e-46   3.419709e-04

# timestamp: 1770155714.6626546
 9.598584e-02   6.324145e-06  -4.978245e-07   2.857027e-01   1.452598e-06  -1.143457e-07  -9.972960e-17  -1.111497e-16   1.754663e-15
 6.324145e-06   9.596238e-02   1.972095e-06   1.452598e-06   2.856973e-01   4.529720e-07  -1.198467e-16  -1.335705e-16   4.281252e-16
-4.978245e-07   1.972095e-06   9.598728e-02  -1.143457e-07   4.529720e-07   2.857031e-01  -1.202666e-15  -1.340384e-15  -1.881663e-16
 2.857027e-01   1.452598e-06  -1.143457e-07   9.907561e-01   3.336484e-07  -2.626415e-08  -2.290697e-17  -2.553006e-17   4.030299e-16
 1.452598e-06   2.856973e-01   4.529720e-07   3.336484e-07   9.907549e-01   1.040435e-07  -2.752769e-17  -3.067991e-17   9.833642e-17
-1.143457e-07   4.529720e-07   2.857031e-01  -2.626415e-08   1.040435e-07   9.907562e-01  -2.762413e-16  -3.078739e-16  -4.322007e-17
-9.972960e-17  -1.198467e-16  -1.202666e-15  -2.290697e-17  -2.752769e-17  -2.762413e-16   1.308150e-03  -1.346073e-30   5.340389e-47
-1.111497e-16  -1.335705e-16  -1.340384e-15  -2.553006e-17  -3.067991e-17  -3.078739e-16  -1.346073e-30   1.308150e-03   1.765962e-47
 1.754663e-15   4.281252e-16  -1.881663e-16   4.030299e-16   9.833642e-17  -4.322007e-17   2.348981e-47   1.698937e-47   1.308150e-03

# timestamp: 1770155714.674762
 1.018991e-01   6.353231e-06  -5.001141e-07   2.956203e-01   1.455934e-06  -1.146083e-07  -9.995867e-17  -1.114050e-16   1.758693e-15
 6.353231e-06   1.018755e-01   1.981164e-06   1.455934e-06   2.956149e-01   4.540124e-07  -1.201220e-16  -1.338773e-16   4.291086e-16
